Time[s] Temp[graderC] Pressure[mbar] altitude[m] accX[mg] accY[mg] accZ[mg] gyroX[degrees/s] gyroY[degrees/s] gyroZ[degrees/s] magX[µT] magY[µT] magZ[µT]
0.02 23.94 1022.17 28.13 0.033672 -0.038064 1.013088 0.56 0.00 -0.84 -0.1320 -0.4905 -0.6345
0.03 23.94 1022.12 28.15 0.034160 -0.037576 1.013088 0.56 0.07 -0.84 -0.1290 -0.4920 -0.6360
0.04 23.94 1022.11 28.17 0.031720 -0.038064 1.014064 0.56 0.07 -0.77 -0.1320 -0.4920 -0.6315
0.05 23.94 1022.09 28.20 0.032696 -0.037576 1.012112 0.56 0.00 -0.77 -0.1320 -0.4935 -0.6345
0.06 23.94 1022.09 28.23 0.033672 -0.037088 1.012600 0.63 0.07 -0.77 -0.1290 -0.4920 -0.6360
0.07 23.94 1022.14 28.23 0.034160 -0.036600 1.012600 0.63 0.07 -0.84 -0.1380 -0.4920 -0.6360
0.08 23.88 1022.18 28.22 0.034160 -0.037576 1.013088 0.56 0.07 -0.77 -0.1380 -0.4905 -0.6420
0.10 23.88 1022.20 28.20 0.033184 -0.036112 1.012112 0.63 0.07 -0.77 -0.1350 -0.4860 -0.6330
0.12 23.88 1022.16 28.20 0.034160 -0.037576 1.012112 0.63 0.00 -0.77 -0.1410 -0.4905 -0.6270
0.13 23.88 1022.25 28.16 0.034160 -0.037576 1.012600 0.63 0.07 -0.77 -0.1320 -0.4965 -0.6330
0.15 23.88 1022.15 28.16 0.032696 -0.036112 1.013088 0.56 0.07 -0.77 -0.1305 -0.4890 -0.6300
0.16 23.88 1022.09 28.19 0.032696 -0.036112 1.012112 0.56 0.07 -0.77 -0.1365 -0.4890 -0.6345
0.18 23.88 1022.15 28.20 0.032208 -0.036600 1.011624 0.56 0.07 -0.77 -0.1320 -0.4935 -0.6360
0.19 23.88 1022.11 28.22 0.032208 -0.036600 1.013088 0.63 0.07 -0.84 -0.1320 -0.4905 -0.6285
0.20 23.88 1022.25 28.18 0.032208 -0.037576 1.012600 0.63 0.07 -0.77 -0.1380 -0.4950 -0.6300
0.21 23.88 1022.28 28.13 0.032696 -0.037088 1.013576 0.63 0.07 -0.84 -0.1395 -0.4935 -0.6270
0.23 23.88 1022.19 28.12 0.032208 -0.035624 1.011136 0.49 0.07 -0.77 -0.1350 -0.4905 -0.6330
0.25 23.88 1022.09 28.15 0.033184 -0.036600 1.010648 0.63 0.07 -0.77 -0.1290 -0.4860 -0.6270
0.27 23.88 1022.19 28.13 0.032696 -0.038064 1.013088 0.56 0.00 -0.77 -0.1365 -0.4890 -0.6345
0.28 23.88 1022.20 28.12 0.033672 -0.037576 1.011136 0.63 0.07 -0.77 -0.1410 -0.4890 -0.6345
0.30 23.88 1022.18 28.11 0.034160 -0.037576 1.012600 0.56 0.07 -0.84 -0.1395 -0.4875 -0.6330
0.31 23.88 1022.21 28.09 0.031720 -0.037576 1.011624 0.56 0.07 -0.84 -0.1305 -0.4965 -0.6345
0.33 23.88 1022.19 28.08 0.034160 -0.036112 1.011136 0.56 0.07 -0.77 -0.1455 -0.4920 -0.6285
0.34 23.88 1022.19 28.07 0.033184 -0.038064 1.012112 0.56 0.07 -0.84 -0.1380 -0.4920 -0.6330
0.35 23.88 1022.14 28.09 0.034160 -0.036112 1.011624 0.56 0.07 -0.84 -0.1365 -0.4905 -0.6360
0.37 23.88 1022.17 28.09 0.033672 -0.037576 1.011624 0.56 0.14 -0.77 -0.1380 -0.4905 -0.6405
0.38 23.88 1022.17 28.09 0.032208 -0.035624 1.012112 0.63 0.07 -0.77 -0.1395 -0.4845 -0.6405
0.39 23.88 1022.14 28.11 0.031720 -0.035136 1.013088 0.56 0.07 -0.84 -0.1380 -0.4890 -0.6345
0.41 23.88 1022.06 28.15 0.034160 -0.037088 1.011136 0.63 0.07 -0.77 -0.1335 -0.4905 -0.6330
0.43 23.88 1022.25 28.11 0.034160 -0.035136 1.011624 0.56 0.07 -0.77 -0.1245 -0.4905 -0.6390
0.45 23.94 1022.17 28.11 0.032208 -0.036600 1.012600 0.63 0.07 -0.84 -0.1395 -0.4845 -0.6390
0.46 23.94 1022.09 28.15 0.032208 -0.036112 1.010648 0.56 0.07 -0.84 -0.1365 -0.4950 -0.6315
0.47 23.94 1022.19 28.14 0.032208 -0.036600 1.014064 0.56 0.00 -0.77 -0.1365 -0.4920 -0.6330
0.48 23.94 1022.20 28.12 0.032696 -0.037088 1.013088 0.56 0.07 -0.77 -0.1305 -0.4890 -0.6360
0.49 23.94 1022.20 28.11 0.032208 -0.035624 1.013088 0.63 0.07 -0.77 -0.1350 -0.4935 -0.6390
0.50 23.94 1022.21 28.09 0.033672 -0.034160 1.012600 0.56 0.07 -0.77 -0.1320 -0.4875 -0.6375
0.51 23.94 1022.19 28.08 0.033672 -0.036112 1.012112 0.63 0.14 -0.77 -0.1275 -0.4995 -0.6255
0.52 23.94 1022.18 28.08 0.032208 -0.037088 1.013088 0.56 0.07 -0.77 -0.1320 -0.4890 -0.6315
0.53 23.94 1022.18 28.07 0.033184 -0.036600 1.013088 0.56 0.07 -0.77 -0.1335 -0.4890 -0.6390
0.54 23.94 1022.22 28.05 0.033672 -0.037088 1.012112 0.56 0.07 -0.84 -0.1350 -0.4830 -0.6390
0.55 23.94 1022.17 28.05 0.033184 -0.036112 1.011624 0.56 0.14 -0.84 -0.1335 -0.4890 -0.6420
0.56 23.94 1022.14 28.07 0.032208 -0.037088 1.011624 0.63 0.07 -0.84 -0.1440 -0.4875 -0.6360
0.57 23.94 1022.14 28.08 0.034648 -0.035624 1.011624 0.63 0.07 -0.77 -0.1320 -0.4935 -0.6300
0.58 23.94 1022.13 28.09 0.031232 -0.035624 1.012600 0.63 0.14 -0.77 -0.1380 -0.4935 -0.6375
0.59 23.94 1022.23 28.07 0.032696 -0.037088 1.010648 0.63 0.14 -0.77 -0.1380 -0.4950 -0.6315
0.60 23.94 1022.16 28.07 0.033184 -0.036600 1.013088 0.56 0.07 -0.77 -0.1455 -0.4950 -0.6360
0.61 23.94 1022.16 28.08 0.033672 -0.035136 1.013576 0.56 0.07 -0.77 -0.1440 -0.4950 -0.6390
0.62 23.94 1022.21 28.06 0.033184 -0.036600 1.011136 0.56 0.14 -0.77 -0.1305 -0.4800 -0.6375
0.63 23.94 1022.13 28.08 0.033184 -0.038552 1.012112 0.63 0.14 -0.77 -0.1380 -0.4935 -0.6345
0.64 23.94 1022.15 28.09 0.032696 -0.037576 1.013088 0.63 0.14 -0.77 -0.1365 -0.4980 -0.6435
0.65 23.94 1022.15 28.10 0.032208 -0.038064 1.012112 0.63 0.14 -0.77 -0.1335 -0.4905 -0.6405
0.66 23.94 1022.24 28.07 0.032208 -0.036600 1.012112 0.63 0.14 -0.77 -0.1380 -0.4935 -0.6360
0.67 23.94 1022.13 28.09 0.033184 -0.036600 1.013576 0.63 0.07 -0.77 -0.1395 -0.4905 -0.6360
0.68 23.94 1022.26 28.05 0.032208 -0.037576 1.012112 0.63 0.07 -0.77 -0.1335 -0.4875 -0.6345
0.69 23.94 1022.26 28.02 0.030744 -0.036112 1.012112 0.63 0.07 -0.77 -0.1290 -0.4800 -0.6315
0.70 23.94 1022.14 28.03 0.033184 -0.036112 1.012112 0.56 0.07 -0.77 -0.1305 -0.4950 -0.6315
0.71 23.94 1022.13 28.05 0.033672 -0.036112 1.012112 0.56 0.07 -0.77 -0.1410 -0.4950 -0.6390
0.72 23.94 1022.14 28.07 0.034160 -0.035624 1.012112 0.63 0.07 -0.77 -0.1395 -0.4890 -0.6330
0.73 23.94 1022.14 28.08 0.033184 -0.036112 1.012600 0.63 0.07 -0.77 -0.1275 -0.4920 -0.6300
0.74 23.94 1022.16 28.09 0.033672 -0.036112 1.012112 0.63 0.07 -0.77 -0.1350 -0.4905 -0.6450
0.75 23.94 1022.15 28.10 0.032696 -0.036600 1.014064 0.63 0.07 -0.77 -0.1365 -0.4890 -0.6315
0.76 23.94 1022.29 28.05 0.033184 -0.035624 1.012600 0.56 0.07 -0.84 -0.1455 -0.4890 -0.6405
0.77 23.94 1022.29 28.00 0.034648 -0.035136 1.012112 0.56 0.07 -0.77 -0.1380 -0.4995 -0.6255
0.78 23.94 1022.14 28.02 0.032696 -0.035624 1.011136 0.56 0.07 -0.77 -0.1305 -0.4935 -0.6435
0.79 23.94 1022.20 28.01 0.034160 -0.037576 1.012112 0.63 0.07 -0.77 -0.1425 -0.4950 -0.6360
0.80 23.94 1022.16 28.01 0.032208 -0.037576 1.013576 0.56 0.14 -0.77 -0.1380 -0.4905 -0.6315
0.81 23.94 1022.16 28.02 0.032208 -0.036600 1.013088 0.56 0.07 -0.77 -0.1305 -0.4830 -0.6390
0.82 23.88 1022.04 28.08 0.032208 -0.035624 1.012600 0.56 0.14 -0.77 -0.1320 -0.4920 -0.6360
0.84 23.88 1022.18 28.08 0.033184 -0.036112 1.012600 0.63 0.07 -0.77 -0.1320 -0.4965 -0.6375
0.85 23.88 1022.18 28.07 0.031720 -0.037088 1.013576 0.63 0.14 -0.77 -0.1425 -0.4935 -0.6345
0.86 23.88 1022.24 28.05 0.032696 -0.037088 1.013088 0.63 0.07 -0.77 -0.1290 -0.4905 -0.6405
0.87 23.88 1022.13 28.06 0.033672 -0.035624 1.012600 0.63 0.07 -0.77 -0.1425 -0.5010 -0.6360
0.89 23.88 1022.23 28.04 0.034160 -0.038064 1.013088 0.56 0.07 -0.77 -0.1305 -0.4935 -0.6375
0.90 23.88 1022.18 28.04 0.033672 -0.036112 1.013088 0.63 0.07 -0.77 -0.1365 -0.4845 -0.6360
0.91 23.88 1022.25 28.00 0.031720 -0.034648 1.012600 0.63 0.07 -0.84 -0.1425 -0.4935 -0.6345
0.93 23.88 1022.15 28.02 0.034648 -0.037576 1.013576 0.56 0.07 -0.77 -0.1305 -0.4905 -0.6375
0.95 23.94 1022.14 28.03 0.032696 -0.035624 1.012600 0.63 0.07 -0.84 -0.1455 -0.4905 -0.6315
0.96 23.94 1022.14 28.05 0.032208 -0.036112 1.012600 0.63 0.07 -0.84 -0.1320 -0.4890 -0.6435
0.97 23.94 1022.06 28.10 0.032696 -0.038552 1.012112 0.56 0.07 -0.84 -0.1395 -0.4995 -0.6390
0.98 23.94 1022.15 28.11 0.031720 -0.036600 1.013576 0.56 0.00 -0.84 -0.1320 -0.4875 -0.6405
0.99 23.94 1022.20 28.09 0.032208 -0.037576 1.013576 0.63 0.07 -0.77 -0.1410 -0.4860 -0.6420
1.00 23.94 1022.20 28.08 0.031720 -0.036600 1.010648 0.63 0.07 -0.77 -0.1410 -0.4890 -0.6390
1.01 23.94 1022.29 28.03 0.032208 -0.037576 1.012112 0.63 0.00 -0.77 -0.1395 -0.4875 -0.6375
1.02 23.94 1022.18 28.03 0.032208 -0.035136 1.012600 0.63 0.07 -0.77 -0.1380 -0.4920 -0.6345
1.03 23.94 1022.15 28.04 0.033672 -0.036600 1.013088 0.63 0.07 -0.77 -0.1380 -0.4875 -0.6420
1.04 23.94 1022.15 28.05 0.032208 -0.037088 1.012600 0.63 0.14 -0.77 -0.1380 -0.4935 -0.6375
1.05 23.94 1022.22 28.03 0.031232 -0.037576 1.013088 0.63 0.14 -0.77 -0.1350 -0.4995 -0.6285
1.06 23.94 1022.13 28.05 0.032696 -0.035136 1.011624 0.63 0.14 -0.77 -0.1335 -0.4905 -0.6420
1.07 23.94 1022.18 28.05 0.031720 -0.037088 1.010648 0.56 0.07 -0.77 -0.1320 -0.4980 -0.6285
1.08 23.94 1022.18 28.05 0.032696 -0.035624 1.012600 0.56 0.07 -0.77 -0.1380 -0.4950 -0.6345
1.09 23.94 1022.19 28.04 0.032696 -0.036112 1.012600 0.56 0.07 -0.77 -0.1335 -0.4905 -0.6300
1.10 23.94 1022.22 28.02 0.031232 -0.035136 1.013576 0.63 0.07 -0.77 -0.1290 -0.4845 -0.6360
1.11 23.94 1022.11 28.05 0.030256 -0.037576 1.012112 0.56 0.07 -0.77 -0.1335 -0.4845 -0.6390
1.12 23.94 1022.11 28.08 0.032696 -0.037576 1.013088 0.56 0.07 -0.77 -0.1380 -0.4920 -0.6315
1.13 23.94 1022.22 28.06 0.034648 -0.037576 1.012600 0.63 0.07 -0.84 -0.1365 -0.4875 -0.6435
1.14 23.94 1022.19 28.05 0.032208 -0.038064 1.011136 0.63 0.14 -0.84 -0.1320 -0.4935 -0.6375
1.15 23.94 1022.21 28.04 0.033184 -0.037088 1.013576 0.63 0.07 -0.77 -0.1365 -0.4860 -0.6330
1.16 23.94 1022.21 28.02 0.032696 -0.036600 1.013088 0.56 0.14 -0.84 -0.1395 -0.4980 -0.6405
1.17 23.94 1022.12 28.05 0.033184 -0.038064 1.013088 0.63 0.14 -0.77 -0.1395 -0.4995 -0.6420
1.18 23.88 1022.05 28.10 0.033672 -0.037088 1.011624 0.63 0.14 -0.77 -0.1410 -0.4890 -0.6285
1.19 23.88 1022.17 28.10 0.032696 -0.038064 1.012112 0.63 0.14 -0.77 -0.1410 -0.4950 -0.6420
1.20 23.88 1022.17 28.10 0.033672 -0.036600 1.013576 0.63 0.21 -0.77 -0.1335 -0.4995 -0.6360
1.21 23.88 1022.18 28.10 0.033184 -0.037576 1.013576 0.56 0.14 -0.77 -0.1350 -0.4950 -0.6330
1.22 23.88 1022.13 28.11 0.032696 -0.036112 1.013088 0.56 0.14 -0.77 -0.1395 -0.4950 -0.6375
1.24 23.88 1022.15 28.12 0.033184 -0.035136 1.012600 0.63 0.14 -0.77 -0.1320 -0.4905 -0.6450
1.26 23.88 1022.13 28.14 0.034648 -0.037088 1.012112 0.63 0.07 -0.77 -0.1275 -0.4845 -0.6285
1.28 23.88 1022.23 28.11 0.033184 -0.038552 1.012600 0.56 0.00 -0.77 -0.1350 -0.4875 -0.6345
1.29 23.88 1022.16 28.11 0.033672 -0.036600 1.011136 0.56 0.07 -0.77 -0.1290 -0.4890 -0.6345
1.30 23.88 1022.13 28.13 0.034160 -0.035136 1.011136 0.56 0.07 -0.84 -0.1470 -0.4995 -0.6330
1.32 23.94 1022.23 28.11 0.033672 -0.035624 1.012600 0.56 0.07 -0.77 -0.1350 -0.4935 -0.6480
1.33 23.94 1022.09 28.14 0.032208 -0.037088 1.012112 0.56 0.07 -0.77 -0.1290 -0.4965 -0.6255
1.34 23.94 1022.28 28.09 0.031720 -0.037576 1.012112 0.63 0.07 -0.77 -0.1365 -0.4890 -0.6345
1.35 23.94 1022.17 28.09 0.031720 -0.037088 1.012600 0.63 0.07 -0.84 -0.1395 -0.4920 -0.6345
1.36 23.94 1022.17 28.10 0.031720 -0.036112 1.012112 0.63 0.07 -0.77 -0.1320 -0.4845 -0.6315
1.37 23.94 1022.06 28.14 0.034648 -0.037576 1.013088 0.63 0.07 -0.77 -0.1365 -0.4965 -0.6285
1.38 23.94 1022.23 28.12 0.031720 -0.036600 1.012112 0.56 0.07 -0.84 -0.1365 -0.4800 -0.6330
1.39 23.94 1022.12 28.14 0.031232 -0.036600 1.015040 0.56 0.07 -0.77 -0.1335 -0.4965 -0.6330
1.40 23.94 1022.12 28.16 0.033184 -0.036112 1.013088 0.56 0.07 -0.77 -0.1350 -0.4875 -0.6405
1.41 23.94 1022.11 28.18 0.032696 -0.037088 1.013576 0.56 0.07 -0.77 -0.1380 -0.4950 -0.6360
1.42 23.94 1022.11 28.20 0.031232 -0.037576 1.011624 0.56 0.07 -0.77 -0.1350 -0.4905 -0.6375
1.43 23.94 1022.11 28.22 0.033672 -0.038064 1.014064 0.56 0.07 -0.77 -0.1395 -0.4905 -0.6330
1.44 23.94 1022.11 28.24 0.033184 -0.035136 1.010648 0.56 0.07 -0.77 -0.1380 -0.4935 -0.6360
1.45 23.94 1022.10 28.27 0.033184 -0.035624 1.011136 0.56 0.07 -0.77 -0.1395 -0.4950 -0.6345
1.46 23.94 1022.15 28.26 0.031232 -0.036600 1.012112 0.56 0.07 -0.77 -0.1410 -0.4875 -0.6390
1.47 23.94 1022.15 28.26 0.032208 -0.034648 1.012112 0.63 0.07 -0.84 -0.1290 -0.4890 -0.6315
1.48 23.94 1022.21 28.24 0.031232 -0.038064 1.012112 0.63 0.07 -0.77 -0.1350 -0.4830 -0.6390
1.49 23.94 1022.18 28.23 0.031232 -0.036600 1.012112 0.63 0.14 -0.77 -0.1350 -0.4890 -0.6360
1.50 23.94 1022.18 28.21 0.031720 -0.036600 1.012112 0.63 0.14 -0.77 -0.1305 -0.4920 -0.6360
1.51 23.94 1022.18 28.20 0.031720 -0.037088 1.011624 0.56 0.07 -0.77 -0.1230 -0.4950 -0.6360
1.52 23.94 1022.17 28.20 0.031720 -0.037088 1.013088 0.56 0.07 -0.77 -0.1365 -0.4920 -0.6450
1.53 23.94 1022.18 28.19 0.032208 -0.037576 1.011624 0.63 0.07 -0.77 -0.1305 -0.4950 -0.6390
1.54 23.94 1022.19 28.17 0.033672 -0.037088 1.013576 0.56 0.00 -0.84 -0.1380 -0.4935 -0.6420
1.55 23.94 1022.19 28.16 0.031720 -0.037088 1.011136 0.63 0.07 -0.77 -0.1290 -0.4875 -0.6315
1.56 23.94 1022.16 28.16 0.031720 -0.037576 1.013088 0.70 0.14 -0.77 -0.1395 -0.4845 -0.6300
1.57 23.94 1022.18 28.15 0.032208 -0.037576 1.012600 0.56 0.07 -0.77 -0.1350 -0.4980 -0.6375
1.58 23.94 1022.12 28.17 0.032208 -0.035624 1.010160 0.56 0.07 -0.77 -0.1395 -0.4920 -0.6345
1.59 23.94 1022.12 28.19 0.032208 -0.035136 1.012112 0.63 0.07 -0.77 -0.1380 -0.4905 -0.6360
1.60 23.94 1022.17 28.18 0.032208 -0.035624 1.012112 0.56 0.07 -0.77 -0.1425 -0.4890 -0.6375
1.61 23.94 1022.20 28.17 0.033184 -0.035136 1.012600 0.56 0.07 -0.77 -0.1395 -0.4905 -0.6255
1.62 23.94 1022.16 28.17 0.032208 -0.036112 1.014064 0.63 0.07 -0.84 -0.1305 -0.4890 -0.6375
1.63 23.94 1022.16 28.17 0.032208 -0.037576 1.013576 0.56 0.07 -0.77 -0.1350 -0.4860 -0.6270
1.64 23.94 1022.10 28.19 0.032208 -0.036112 1.011624 0.56 0.07 -0.77 -0.1260 -0.4905 -0.6375
1.65 23.94 1022.27 28.15 0.030744 -0.035624 1.012600 0.63 0.07 -0.77 -0.1365 -0.4890 -0.6375
1.66 23.94 1022.15 28.15 0.032696 -0.037088 1.011624 0.56 0.07 -0.77 -0.1380 -0.4920 -0.6390
1.67 23.88 1022.15 28.16 0.032208 -0.036112 1.013576 0.63 0.00 -0.84 -0.1320 -0.4815 -0.6375
1.68 23.88 1022.14 28.17 0.032696 -0.037088 1.011624 0.56 0.07 -0.84 -0.1305 -0.4890 -0.6375
1.70 23.88 1022.13 28.18 0.031232 -0.037088 1.012112 0.63 0.07 -0.77 -0.1380 -0.4860 -0.6300
1.72 23.88 1022.12 28.20 0.032696 -0.035624 1.013576 0.56 0.14 -0.77 -0.1305 -0.4965 -0.6345
1.74 23.88 1022.16 28.20 0.032208 -0.037088 1.012600 0.56 0.07 -0.77 -0.1320 -0.4920 -0.6315
1.75 23.88 1022.16 28.20 0.032696 -0.038064 1.011136 0.56 0.00 -0.77 -0.1440 -0.4905 -0.6405
1.76 23.88 1022.15 28.20 0.033184 -0.037576 1.012112 0.63 0.07 -0.77 -0.1365 -0.4935 -0.6360
1.77 23.88 1022.14 28.21 0.032208 -0.036112 1.012600 0.63 0.21 -0.77 -0.1380 -0.4920 -0.6345
1.79 23.94 1022.17 28.20 0.034160 -0.037088 1.011136 0.56 0.07 -0.77 -0.1425 -0.4950 -0.6345
1.80 23.94 1022.16 28.20 0.032208 -0.035136 1.012112 0.63 0.07 -0.77 -0.1350 -0.4935 -0.6255
1.81 23.94 1022.17 28.20 0.032696 -0.035624 1.013088 0.56 0.00 -0.84 -0.1305 -0.4935 -0.6360
1.82 23.94 1022.21 28.17 0.031720 -0.037088 1.011624 0.56 0.00 -0.84 -0.1320 -0.4965 -0.6315
1.83 23.94 1022.21 28.15 0.032696 -0.036112 1.012112 0.63 0.14 -0.77 -0.1365 -0.4965 -0.6330
1.84 23.94 1022.12 28.17 0.030744 -0.036600 1.013088 0.63 0.07 -0.77 -0.1395 -0.4920 -0.6375
1.85 23.94 1022.15 28.17 0.031232 -0.035136 1.012600 0.56 0.07 -0.77 -0.1350 -0.4935 -0.6300
1.86 23.94 1022.20 28.16 0.033672 -0.036600 1.012112 0.56 0.07 -0.77 -0.1440 -0.4935 -0.6285
1.87 23.94 1022.20 28.15 0.033672 -0.036600 1.014064 0.56 0.00 -0.84 -0.1305 -0.4905 -0.6360
1.88 23.94 1022.21 28.13 0.031720 -0.037576 1.012112 0.63 0.07 -0.84 -0.1410 -0.4920 -0.6390
1.89 23.94 1022.16 28.13 0.034160 -0.036600 1.013576 0.63 0.07 -0.77 -0.1395 -0.4905 -0.6345
1.90 23.94 1022.16 28.13 0.032696 -0.037088 1.012112 0.56 0.07 -0.70 -0.1335 -0.4965 -0.6405
1.91 23.94 1022.16 28.14 0.033184 -0.038552 1.011624 0.56 0.07 -0.77 -0.1470 -0.4815 -0.6270
1.92 23.94 1022.18 28.13 0.032696 -0.036112 1.011136 0.56 0.07 -0.77 -0.1320 -0.4905 -0.6435
1.93 23.94 1022.24 28.10 0.033672 -0.035624 1.012600 0.56 0.07 -0.77 -0.1350 -0.4980 -0.6315
1.94 23.94 1022.14 28.11 0.032696 -0.036112 1.012112 0.63 0.07 -0.77 -0.1425 -0.4935 -0.6390
1.95 23.94 1022.14 28.13 0.033672 -0.035624 1.012600 0.63 0.07 -0.77 -0.1410 -0.4935 -0.6375
1.96 23.94 1022.18 28.12 0.032208 -0.037088 1.012600 0.56 0.07 -0.77 -0.1395 -0.4965 -0.6420
1.97 23.94 1022.15 28.13 0.032696 -0.037088 1.012112 0.56 0.07 -0.77 -0.1350 -0.4845 -0.6435
1.98 23.94 1022.15 28.14 0.032696 -0.037576 1.013576 0.63 0.07 -0.84 -0.1320 -0.4965 -0.6435
1.99 23.94 1022.16 28.14 0.033184 -0.037576 1.013088 0.56 0.07 -0.77 -0.1365 -0.4950 -0.6255
2.00 23.94 1022.13 28.16 0.032208 -0.036112 1.012600 0.56 0.07 -0.77 -0.1365 -0.4890 -0.6300
2.01 23.94 1022.12 28.18 0.033184 -0.036112 1.012112 0.63 0.07 -0.77 -0.1425 -0.4920 -0.6345
2.02 23.94 1022.12 28.19 0.031232 -0.035136 1.013576 0.63 0.07 -0.77 -0.1365 -0.4935 -0.6315
2.03 23.94 1022.17 28.19 0.031232 -0.035624 1.012600 0.63 0.07 -0.77 -0.1365 -0.4950 -0.6270
2.04 23.88 1022.12 28.20 0.033672 -0.035624 1.010648 0.63 0.07 -0.77 -0.1395 -0.4905 -0.6375
2.06 23.88 1022.17 28.20 0.033184 -0.036112 1.012112 0.63 0.07 -0.77 -0.1350 -0.4995 -0.6330
2.07 23.88 1022.18 28.19 0.033184 -0.036600 1.012600 0.63 0.07 -0.77 -0.1365 -0.4875 -0.6300
2.09 23.88 1022.20 28.17 0.032208 -0.035136 1.012600 0.56 0.07 -0.84 -0.1305 -0.4905 -0.6315
2.11 23.88 1022.19 28.16 0.033184 -0.034160 1.011136 0.56 0.07 -0.84 -0.1335 -0.4875 -0.6315
2.13 23.88 1022.16 28.16 0.032208 -0.036112 1.013088 0.56 0.07 -0.77 -0.1365 -0.4935 -0.6300
2.14 23.88 1022.16 28.17 0.033184 -0.035136 1.012600 0.63 0.07 -0.77 -0.1350 -0.4935 -0.6315
2.15 23.88 1022.20 28.15 0.032208 -0.036600 1.012600 0.56 0.07 -0.77 -0.1365 -0.4920 -0.6315
2.17 23.94 1022.10 28.18 0.032208 -0.037088 1.011624 0.63 0.07 -0.77 -0.1305 -0.4965 -0.6285
2.18 23.94 1022.10 28.20 0.031720 -0.036112 1.011624 0.56 0.07 -0.77 -0.1425 -0.4875 -0.6375
2.19 23.94 1022.21 28.18 0.032208 -0.037088 1.012600 0.63 0.07 -0.77 -0.1395 -0.4905 -0.6315
2.20 23.94 1022.18 28.18 0.033672 -0.035136 1.012112 0.63 0.07 -0.77 -0.1335 -0.4920 -0.6270
2.21 23.94 1022.19 28.17 0.032696 -0.036112 1.013576 0.63 0.07 -0.84 -0.1245 -0.4935 -0.6315
2.22 23.94 1022.19 28.16 0.031232 -0.036600 1.011624 0.63 0.07 -0.77 -0.1410 -0.4875 -0.6360
2.23 23.94 1022.12 28.18 0.033184 -0.036600 1.012112 0.63 0.07 -0.84 -0.1275 -0.4935 -0.6315
2.24 23.94 1022.11 28.20 0.031720 -0.035624 1.011136 0.56 0.07 -0.84 -0.1320 -0.4905 -0.6255
2.25 23.94 1022.14 28.21 0.033184 -0.037088 1.013088 0.56 0.14 -0.77 -0.1440 -0.5040 -0.6315
2.26 23.94 1022.14 28.22 0.032208 -0.034648 1.012112 0.56 0.07 -0.77 -0.1335 -0.4860 -0.6270
2.27 23.94 1022.19 28.20 0.032208 -0.037088 1.011624 0.63 0.07 -0.77 -0.1260 -0.4845 -0.6240
2.28 23.94 1022.15 28.21 0.032696 -0.036600 1.013088 0.56 0.07 -0.84 -0.1350 -0.5010 -0.6435
2.29 23.94 1022.19 28.20 0.034160 -0.036600 1.011624 0.56 0.07 -0.77 -0.1380 -0.4920 -0.6360
2.30 23.94 1022.19 28.18 0.032696 -0.038552 1.013576 0.63 0.07 -0.77 -0.1365 -0.4920 -0.6435
2.31 23.94 1022.14 28.19 0.031720 -0.035136 1.010648 0.56 0.07 -0.77 -0.1335 -0.4890 -0.6315
2.32 23.94 1022.16 28.19 0.033184 -0.037576 1.012112 0.63 0.07 -0.77 -0.1395 -0.4890 -0.6330
2.33 23.94 1022.16 28.19 0.032208 -0.036600 1.013576 0.63 0.07 -0.77 -0.1245 -0.4980 -0.6285
2.34 23.94 1022.16 28.19 0.032208 -0.036112 1.011136 0.56 0.07 -0.84 -0.1365 -0.4995 -0.6375
2.35 23.94 1022.15 28.20 0.032696 -0.036600 1.012600 0.63 0.07 -0.77 -0.1335 -0.4980 -0.6405
2.36 23.94 1022.20 28.18 0.033184 -0.035624 1.011624 0.63 0.07 -0.77 -0.1395 -0.4905 -0.6375
2.37 23.94 1022.11 28.20 0.032208 -0.035624 1.013088 0.63 0.07 -0.77 -0.1380 -0.4935 -0.6285
2.38 23.94 1022.11 28.22 0.031720 -0.037576 1.011624 0.63 0.07 -0.77 -0.1320 -0.4965 -0.6405
2.39 23.94 1022.13 28.23 0.031720 -0.036600 1.011624 0.63 0.07 -0.77 -0.1365 -0.4905 -0.6330
2.40 23.94 1022.16 28.23 0.032696 -0.037576 1.012600 0.63 0.07 -0.77 -0.1395 -0.4905 -0.6315
2.41 23.94 1022.15 28.23 0.032208 -0.037088 1.012112 0.63 0.07 -0.77 -0.1350 -0.4890 -0.6345
2.42 23.94 1022.15 28.24 0.031720 -0.036112 1.011136 0.63 0.07 -0.84 -0.1350 -0.4935 -0.6375
2.43 23.94 1022.18 28.23 0.032208 -0.036600 1.012112 0.63 0.07 -0.77 -0.1425 -0.5025 -0.6330
2.44 23.94 1022.16 28.22 0.031720 -0.036112 1.011624 0.63 0.07 -0.77 -0.1380 -0.4905 -0.6330
2.45 23.94 1022.09 28.25 0.032696 -0.035624 1.011624 0.63 0.14 -0.77 -0.1290 -0.4890 -0.6360
2.46 23.94 1022.09 28.28 0.032696 -0.035624 1.011624 0.56 0.07 -0.77 -0.1335 -0.4920 -0.6345
2.47 23.94 1022.27 28.23 0.032208 -0.038064 1.013088 0.56 0.07 -0.77 -0.1380 -0.4980 -0.6360
2.48 23.94 1022.13 28.24 0.035136 -0.035624 1.012112 0.63 0.07 -0.77 -0.1365 -0.4905 -0.6360
2.49 23.94 1022.20 28.22 0.033184 -0.036112 1.011624 0.56 0.07 -0.77 -0.1365 -0.4905 -0.6375
2.50 23.94 1022.20 28.20 0.032696 -0.035136 1.011624 0.63 0.07 -0.77 -0.1335 -0.4890 -0.6465
2.51 23.94 1022.17 28.20 0.032696 -0.035136 1.012112 0.63 0.07 -0.77 -0.1320 -0.4875 -0.6345
2.52 23.94 1022.15 28.20 0.032696 -0.036600 1.012112 0.63 0.07 -0.77 -0.1365 -0.4920 -0.6375
2.53 23.94 1022.15 28.21 0.032696 -0.035136 1.012112 0.56 0.07 -0.77 -0.1365 -0.4890 -0.6465
2.54 23.94 1022.21 28.19 0.033184 -0.037088 1.012112 0.56 0.07 -0.77 -0.1320 -0.4920 -0.6405
2.55 23.94 1022.19 28.17 0.033184 -0.035624 1.010160 0.56 0.07 -0.77 -0.1335 -0.4920 -0.6360
2.56 23.94 1022.14 28.18 0.034160 -0.037576 1.012112 0.63 0.07 -0.77 -0.1215 -0.4980 -0.6345
2.57 23.94 1022.14 28.19 0.032696 -0.036112 1.013576 0.63 0.14 -0.84 -0.1350 -0.5025 -0.6345
2.58 23.94 1022.14 28.20 0.032696 -0.038064 1.012600 0.56 0.07 -0.84 -0.1350 -0.4890 -0.6315
2.59 23.94 1022.16 28.20 0.032696 -0.038064 1.012112 0.56 0.07 -0.77 -0.1335 -0.4950 -0.6390
2.60 23.94 1022.17 28.19 0.032696 -0.036600 1.011624 0.56 0.07 -0.77 -0.1395 -0.4905 -0.6330
2.61 23.94 1022.17 28.19 0.032208 -0.036600 1.012112 0.63 0.07 -0.77 -0.1245 -0.4950 -0.6375
2.62 23.94 1022.14 28.20 0.032208 -0.037088 1.012600 0.63 0.07 -0.77 -0.1335 -0.4875 -0.6330
2.63 23.94 1022.10 28.22 0.033672 -0.036600 1.013088 0.63 0.14 -0.77 -0.1380 -0.4950 -0.6390
2.64 23.94 1022.14 28.23 0.032208 -0.035136 1.012600 0.63 0.07 -0.77 -0.1350 -0.4980 -0.6285
2.65 23.94 1022.14 28.24 0.032208 -0.037088 1.011136 0.63 0.07 -0.77 -0.1320 -0.4830 -0.6345
2.66 23.94 1022.24 28.20 0.030744 -0.037088 1.013576 0.56 0.07 -0.77 -0.1410 -0.4950 -0.6330
2.67 23.94 1022.23 28.17 0.033184 -0.036112 1.013088 0.63 0.07 -0.77 -0.1275 -0.4950 -0.6360
2.68 23.94 1022.12 28.19 0.031720 -0.036600 1.013088 0.56 0.07 -0.77 -0.1335 -0.4965 -0.6270
2.69 23.94 1022.12 28.20 0.032208 -0.036600 1.012112 0.56 0.14 -0.77 -0.1365 -0.4875 -0.6315
2.70 23.94 1022.16 28.20 0.032208 -0.036600 1.013576 0.56 0.14 -0.84 -0.1365 -0.4965 -0.6300
2.71 23.94 1022.14 28.21 0.032208 -0.037088 1.012600 0.56 0.07 -0.77 -0.1395 -0.4830 -0.6360
2.72 23.94 1022.18 28.20 0.034648 -0.036112 1.012112 0.63 0.07 -0.77 -0.1350 -0.4875 -0.6360
2.73 23.94 1022.18 28.20 0.032696 -0.033672 1.012112 0.56 0.07 -0.77 -0.1305 -0.4965 -0.6345
2.74 23.94 1022.23 28.17 0.032696 -0.036600 1.013576 0.63 0.07 -0.77 -0.1440 -0.4920 -0.6315
2.75 23.94 1022.15 28.17 0.033184 -0.035624 1.013088 0.63 0.07 -0.77 -0.1320 -0.4920 -0.6375
2.76 23.94 1022.16 28.17 0.033672 -0.036112 1.012112 0.56 0.07 -0.77 -0.1440 -0.4875 -0.6405
2.77 23.94 1022.16 28.17 0.031720 -0.037088 1.013088 0.63 0.07 -0.84 -0.1305 -0.4845 -0.6345
2.78 23.94 1022.18 28.17 0.033672 -0.037576 1.013576 0.56 0.07 -0.77 -0.1305 -0.4905 -0.6360
2.79 23.94 1022.12 28.18 0.034648 -0.035624 1.014064 0.56 0.07 -0.77 -0.1365 -0.4920 -0.6405
2.80 23.94 1022.23 28.15 0.033672 -0.035136 1.012600 0.56 0.07 -0.77 -0.1380 -0.4905 -0.6375
2.81 23.94 1022.23 28.13 0.031720 -0.036600 1.011624 0.56 0.07 -0.77 -0.1350 -0.4935 -0.6375
2.82 23.94 1022.20 28.11 0.032696 -0.037576 1.013088 0.56 0.07 -0.77 -0.1305 -0.4905 -0.6300
2.83 23.94 1022.05 28.16 0.033672 -0.035624 1.010160 0.56 0.07 -0.77 -0.1290 -0.4905 -0.6375
2.84 23.94 1022.14 28.17 0.033184 -0.036112 1.012112 0.56 0.14 -0.77 -0.1365 -0.4935 -0.6375
2.85 23.94 1022.14 28.18 0.032696 -0.036112 1.012600 0.56 0.07 -0.77 -0.1410 -0.4890 -0.6345
2.86 23.94 1022.08 28.21 0.032208 -0.036112 1.011624 0.63 0.07 -0.77 -0.1380 -0.4965 -0.6360
2.87 23.94 1022.15 28.22 0.034648 -0.038552 1.012600 0.56 0.07 -0.77 -0.1290 -0.4905 -0.6330
2.88 23.94 1022.11 28.24 0.033184 -0.036112 1.013088 0.56 0.07 -0.77 -0.1320 -0.4950 -0.6405
2.89 23.94 1022.11 28.26 0.030744 -0.036112 1.012112 0.56 0.07 -0.77 -0.1350 -0.4995 -0.6390
2.90 23.94 1022.15 28.26 0.032696 -0.037576 1.012600 0.56 0.07 -0.84 -0.1350 -0.4920 -0.6315
2.91 23.94 1022.13 28.27 0.032696 -0.036600 1.011624 0.63 0.07 -0.77 -0.1350 -0.4890 -0.6330
2.92 23.94 1022.22 28.24 0.031232 -0.036600 1.013088 0.56 0.07 -0.77 -0.1365 -0.4860 -0.6420
2.93 23.94 1022.22 28.21 0.033184 -0.036600 1.011624 0.63 0.14 -0.77 -0.1305 -0.4905 -0.6315
2.94 23.94 1022.18 28.20 0.032696 -0.035136 1.011624 0.63 0.14 -0.77 -0.1395 -0.4905 -0.6345
2.95 23.94 1022.19 28.19 0.032696 -0.037088 1.011624 0.63 0.07 -0.77 -0.1365 -0.5010 -0.6345
2.96 23.94 1022.11 28.21 0.032696 -0.036600 1.011624 0.63 0.07 -0.77 -0.1335 -0.4845 -0.6330
2.97 23.94 1022.11 28.24 0.033672 -0.037576 1.011624 0.56 0.07 -0.77 -0.1200 -0.4935 -0.6345
2.98 23.94 1022.11 28.26 0.034160 -0.037576 1.011624 0.56 0.07 -0.77 -0.1320 -0.4845 -0.6330
2.99 23.94 1022.10 28.28 0.033184 -0.037088 1.012112 0.63 0.07 -0.77 -0.1305 -0.4995 -0.6345
3.00 23.94 1022.13 28.29 0.034160 -0.036112 1.012112 0.63 0.07 -0.77 -0.1410 -0.4905 -0.6345
3.01 23.94 1022.13 28.29 0.031720 -0.037088 1.011624 0.56 0.07 -0.77 -0.1380 -0.5010 -0.6390
3.02 23.88 1022.20 28.27 0.031720 -0.035624 1.012112 0.56 0.07 -0.77 -0.1365 -0.4965 -0.6420
3.04 23.88 1022.14 28.28 0.033672 -0.037576 1.012600 0.56 0.07 -0.77 -0.1290 -0.4935 -0.6360
3.05 23.88 1022.14 28.29 0.033184 -0.037088 1.010160 0.63 0.07 -0.77 -0.1380 -0.4875 -0.6420
3.06 23.88 1022.23 28.25 0.032208 -0.035624 1.011624 0.63 0.07 -0.77 -0.1380 -0.4920 -0.6345
3.08 23.88 1022.11 28.27 0.033184 -0.035624 1.012112 0.56 0.07 -0.77 -0.1335 -0.4965 -0.6375
3.10 23.88 1022.25 28.23 0.029768 -0.036112 1.012600 0.63 0.07 -0.77 -0.1365 -0.4920 -0.6420
3.12 23.88 1022.24 28.19 0.030256 -0.036112 1.011624 0.56 0.07 -0.77 -0.1410 -0.4785 -0.6330
3.14 23.94 1022.18 28.18 0.031720 -0.035136 1.012112 0.56 0.07 -0.77 -0.1380 -0.4950 -0.6360
3.15 23.94 1022.15 28.19 0.030744 -0.035136 1.012112 0.56 0.07 -0.77 -0.1335 -0.4950 -0.6435
3.16 23.94 1022.15 28.19 0.034160 -0.035624 1.010648 0.56 0.07 -0.77 -0.1335 -0.4875 -0.6420
3.17 23.94 1022.18 28.18 0.032208 -0.034160 1.011136 0.63 0.07 -0.84 -0.1305 -0.4950 -0.6405
3.18 23.94 1022.26 28.14 0.032696 -0.035136 1.012112 0.56 0.07 -0.77 -0.1350 -0.4905 -0.6390
3.19 23.94 1022.15 28.15 0.032208 -0.035624 1.013088 0.56 0.07 -0.77 -0.1395 -0.4935 -0.6375
3.20 23.94 1022.15 28.15 0.032208 -0.035136 1.012112 0.63 0.07 -0.84 -0.1380 -0.4860 -0.6420
3.21 23.94 1022.19 28.14 0.033672 -0.035136 1.012112 0.63 0.07 -0.77 -0.1335 -0.4905 -0.6405
3.22 23.94 1022.18 28.14 0.032208 -0.036600 1.011624 0.63 0.07 -0.77 -0.1410 -0.4875 -0.6375
3.23 23.94 1022.26 28.10 0.032696 -0.036112 1.011624 0.63 0.07 -0.77 -0.1305 -0.4860 -0.6345
3.24 23.94 1022.26 28.06 0.032208 -0.035136 1.012600 0.56 0.07 -0.77 -0.1365 -0.4890 -0.6375
3.25 23.94 1022.24 28.03 0.033184 -0.036600 1.011136 0.56 0.07 -0.77 -0.1245 -0.4950 -0.6330
3.26 23.94 1022.16 28.04 0.034160 -0.036600 1.013576 0.56 0.07 -0.77 -0.1350 -0.4860 -0.6405
3.27 23.94 1022.21 28.03 0.031232 -0.037576 1.013088 0.56 0.07 -0.77 -0.1260 -0.4935 -0.6285
3.28 23.94 1022.21 28.02 0.032696 -0.036112 1.012600 0.56 0.07 -0.77 -0.1395 -0.4875 -0.6390
3.29 23.94 1022.21 28.01 0.032696 -0.037088 1.011136 0.56 0.07 -0.84 -0.1320 -0.4860 -0.6315
3.30 23.94 1022.20 28.00 0.033672 -0.036112 1.013576 0.63 0.07 -0.77 -0.1335 -0.4950 -0.6375
3.31 23.94 1022.19 28.00 0.032208 -0.037088 1.012112 0.63 0.07 -0.70 -0.1380 -0.4905 -0.6300
3.32 23.94 1022.19 28.00 0.032696 -0.036112 1.011136 0.63 0.14 -0.77 -0.1380 -0.4935 -0.6255
3.33 23.94 1022.14 28.01 0.033672 -0.036600 1.013576 0.56 0.07 -0.77 -0.1410 -0.4950 -0.6270
3.34 23.94 1022.15 28.03 0.031720 -0.035624 1.011624 0.56 0.07 -0.77 -0.1410 -0.4905 -0.6330
3.35 23.94 1022.23 28.01 0.033184 -0.035624 1.012600 0.63 0.07 -0.77 -0.1350 -0.4815 -0.6315
3.36 23.94 1022.23 27.99 0.033184 -0.036112 1.013088 0.56 0.07 -0.77 -0.1335 -0.4920 -0.6270
3.37 23.94 1022.06 28.05 0.032696 -0.038064 1.011624 0.56 0.07 -0.77 -0.1350 -0.4920 -0.6345
3.38 23.94 1022.05 28.10 0.032208 -0.036600 1.011136 0.56 0.07 -0.84 -0.1500 -0.4950 -0.6375
3.39 23.88 1022.21 28.08 0.032208 -0.038064 1.011624 0.56 0.07 -0.84 -0.1245 -0.4905 -0.6315
3.40 23.88 1022.21 28.07 0.031720 -0.036600 1.012600 0.56 0.07 -0.77 -0.1380 -0.4890 -0.6390
3.42 23.88 1022.17 28.07 0.032696 -0.037576 1.013088 0.56 0.07 -0.77 -0.1320 -0.4935 -0.6450
3.43 23.88 1022.11 28.10 0.032208 -0.035624 1.013576 0.63 0.07 -0.77 -0.1365 -0.4875 -0.6390
3.45 23.88 1022.18 28.10 0.033672 -0.036112 1.011136 0.56 0.07 -0.84 -0.1380 -0.4875 -0.6405
3.46 23.88 1022.19 28.09 0.032696 -0.037088 1.012112 0.56 0.07 -0.70 -0.1380 -0.4905 -0.6375
3.47 23.88 1022.21 28.08 0.032696 -0.037088 1.012600 0.63 0.07 -0.77 -0.1320 -0.4935 -0.6450
3.48 23.88 1022.21 28.06 0.032696 -0.036600 1.011624 0.63 0.07 -0.77 -0.1305 -0.4980 -0.6375
3.49 23.88 1022.09 28.10 0.030256 -0.038064 1.011136 0.63 0.14 -0.84 -0.1335 -0.4920 -0.6390
3.51 23.94 1022.18 28.10 0.031720 -0.036112 1.012600 0.63 0.07 -0.77 -0.1320 -0.4935 -0.6375
3.52 23.94 1022.18 28.09 0.033184 -0.036112 1.011624 0.63 0.07 -0.77 -0.1365 -0.4860 -0.6360
3.53 23.94 1022.12 28.12 0.033672 -0.036112 1.015040 0.63 0.07 -0.77 -0.1305 -0.4860 -0.6375
3.54 23.94 1022.20 28.10 0.033184 -0.036600 1.011624 0.56 0.07 -0.77 -0.1380 -0.4875 -0.6405
3.55 23.94 1022.18 28.10 0.033184 -0.036112 1.011136 0.56 0.07 -0.84 -0.1350 -0.4845 -0.6315
3.56 23.94 1022.18 28.10 0.033184 -0.037088 1.012600 0.56 0.07 -0.84 -0.1350 -0.4950 -0.6300
3.57 23.94 1022.14 28.11 0.032208 -0.037576 1.012600 0.56 0.07 -0.77 -0.1365 -0.4950 -0.6315
3.58 23.94 1022.15 28.12 0.031720 -0.035624 1.011136 0.63 0.07 -0.77 -0.1275 -0.4920 -0.6435
3.59 23.94 1022.15 28.13 0.032208 -0.035624 1.013576 0.56 0.07 -0.77 -0.1200 -0.4920 -0.6420
3.60 23.94 1022.08 28.16 0.031720 -0.038064 1.012112 0.56 0.07 -0.84 -0.1350 -0.4875 -0.6300
3.61 23.94 1022.07 28.20 0.033184 -0.036112 1.011136 0.56 0.00 -0.77 -0.1305 -0.4980 -0.6345
3.62 23.94 1022.19 28.19 0.032208 -0.036112 1.012600 0.56 0.07 -0.77 -0.1365 -0.4905 -0.6405
3.63 23.94 1022.19 28.18 0.030744 -0.038552 1.013088 0.63 0.07 -0.77 -0.1380 -0.4860 -0.6405
3.64 23.94 1022.20 28.17 0.034160 -0.038064 1.012600 0.63 0.07 -0.77 -0.1245 -0.4815 -0.6360
3.65 23.94 1022.20 28.15 0.032696 -0.037088 1.015040 0.63 0.14 -0.77 -0.1365 -0.4995 -0.6390
3.66 23.94 1022.12 28.17 0.031720 -0.036600 1.013088 0.63 0.07 -0.77 -0.1365 -0.4980 -0.6360
3.67 23.94 1022.12 28.19 0.034160 -0.036600 1.012112 0.63 0.07 -0.77 -0.1350 -0.4845 -0.6360
3.68 23.94 1022.30 28.13 0.033184 -0.035136 1.012600 0.63 0.07 -0.77 -0.1380 -0.4890 -0.6390
3.69 23.94 1022.15 28.14 0.032696 -0.036112 1.012112 0.56 0.07 -0.77 -0.1320 -0.4875 -0.6360
3.70 23.94 1022.19 28.13 0.031232 -0.036112 1.012600 0.63 0.14 -0.77 -0.1395 -0.4935 -0.6285
3.71 23.94 1022.19 28.12 0.033184 -0.037576 1.012600 0.63 0.07 -0.77 -0.1320 -0.4875 -0.6345
3.72 23.94 1022.11 28.14 0.031232 -0.036600 1.013576 0.63 0.07 -0.77 -0.1365 -0.5025 -0.6315
3.73 23.94 1022.07 28.18 0.031720 -0.036600 1.012600 0.63 0.00 -0.77 -0.1320 -0.4965 -0.6315
3.74 23.94 1022.06 28.23 0.034160 -0.035136 1.011136 0.56 0.07 -0.77 -0.1425 -0.4845 -0.6375
3.75 23.94 1022.06 28.27 0.031232 -0.037088 1.012112 0.63 0.07 -0.77 -0.1290 -0.4965 -0.6285
3.76 23.94 1022.18 28.26 0.031232 -0.037088 1.012600 0.63 0.00 -0.84 -0.1380 -0.4920 -0.6300
3.77 23.94 1022.19 28.24 0.032208 -0.037088 1.013088 0.56 0.07 -0.77 -0.1275 -0.4890 -0.6360
3.78 23.94 1022.13 28.26 0.034160 -0.036600 1.012600 0.63 0.07 -0.77 -0.1260 -0.4965 -0.6315
3.79 23.94 1022.13 28.27 0.031720 -0.037088 1.013088 0.63 0.07 -0.77 -0.1425 -0.4935 -0.6375
3.80 23.94 1022.18 28.26 0.033184 -0.036600 1.012112 0.56 0.14 -0.77 -0.1305 -0.4890 -0.6345
3.81 23.94 1022.27 28.21 0.034648 -0.037088 1.011624 0.56 0.07 -0.77 -0.1290 -0.4920 -0.6240
3.82 23.94 1022.19 28.19 0.033184 -0.037088 1.011136 0.56 0.07 -0.77 -0.1455 -0.4920 -0.6345
3.83 23.94 1022.19 28.18 0.033184 -0.034160 1.011624 0.63 0.07 -0.77 -0.1275 -0.4890 -0.6345
3.84 23.94 1022.20 28.17 0.032696 -0.035624 1.012112 0.56 0.07 -0.77 -0.1395 -0.4860 -0.6375
3.85 23.94 1022.11 28.19 0.031720 -0.037088 1.012112 0.63 0.14 -0.77 -0.1305 -0.4905 -0.6375
3.86 23.94 1022.27 28.14 0.033184 -0.037576 1.012600 0.63 0.07 -0.77 -0.1350 -0.4950 -0.6405
3.87 23.94 1022.27 28.10 0.031720 -0.036600 1.012112 0.63 0.07 -0.77 -0.1380 -0.4890 -0.6360
3.88 23.94 1022.14 28.11 0.031720 -0.036112 1.011624 0.56 0.07 -0.84 -0.1305 -0.4890 -0.6390
3.89 23.94 1022.07 28.15 0.031720 -0.036600 1.011136 0.56 0.07 -0.84 -0.1260 -0.4860 -0.6270
3.90 23.94 1022.13 28.17 0.033184 -0.035136 1.013576 0.56 0.00 -0.77 -0.1350 -0.4875 -0.6285
3.91 23.94 1022.13 28.18 0.032208 -0.037088 1.011624 0.56 0.07 -0.77 -0.1290 -0.4890 -0.6345
3.92 23.94 1022.15 28.18 0.033184 -0.034648 1.012600 0.63 0.07 -0.77 -0.1320 -0.4875 -0.6330
3.93 23.94 1022.08 28.22 0.033672 -0.036112 1.011624 0.63 0.07 -0.77 -0.1290 -0.5010 -0.6240
3.94 23.94 1022.17 28.21 0.032696 -0.036600 1.012600 0.56 0.07 -0.84 -0.1380 -0.4890 -0.6270
3.95 23.94 1022.17 28.21 0.033672 -0.038064 1.011624 0.63 0.07 -0.84 -0.1335 -0.4935 -0.6360
3.96 23.94 1022.10 28.23 0.032696 -0.035624 1.011624 0.63 0.07 -0.77 -0.1365 -0.4785 -0.6315
3.97 23.94 1022.16 28.23 0.032208 -0.036600 1.012112 0.56 0.07 -0.77 -0.1245 -0.4995 -0.6300
3.98 23.94 1022.16 28.23 0.033184 -0.036600 1.011136 0.56 0.07 -0.84 -0.1365 -0.4875 -0.6315
3.99 23.94 1022.16 28.23 0.033184 -0.034160 1.011136 0.63 0.07 -0.84 -0.1260 -0.4995 -0.6270
4.00 23.94 1022.12 28.24 0.032696 -0.038064 1.011136 0.56 0.07 -0.77 -0.1350 -0.4950 -0.6330
4.01 23.94 1022.20 28.22 0.033184 -0.035136 1.011136 0.56 0.07 -0.84 -0.1425 -0.4860 -0.6285
4.02 23.94 1022.17 28.22 0.033672 -0.038552 1.012112 0.56 0.07 -0.77 -0.1350 -0.4830 -0.6420
4.03 23.94 1022.17 28.21 0.032208 -0.038064 1.013088 0.56 0.07 -0.77 -0.1335 -0.4875 -0.6315
4.04 23.94 1022.12 28.23 0.032696 -0.035136 1.012112 0.63 0.14 -0.77 -0.1350 -0.4860 -0.6330
4.05 23.94 1022.09 28.26 0.033184 -0.037088 1.014064 0.56 0.07 -0.84 -0.1290 -0.4920 -0.6345
4.06 23.94 1022.19 28.25 0.033184 -0.035624 1.011624 0.56 0.07 -0.84 -0.1275 -0.4890 -0.6390
4.07 23.94 1022.19 28.23 0.032696 -0.036112 1.013088 0.63 0.07 -0.77 -0.1380 -0.4860 -0.6270
4.08 23.94 1022.16 28.23 0.033184 -0.037576 1.011624 0.63 0.07 -0.77 -0.1365 -0.4950 -0.6390
4.09 23.94 1022.11 28.25 0.033672 -0.035624 1.012112 0.56 0.07 -0.77 -0.1395 -0.4860 -0.6345
4.10 23.94 1022.10 28.28 0.031720 -0.037088 1.012600 0.56 0.07 -0.77 -0.1410 -0.4965 -0.6330
4.11 23.94 1022.10 28.30 0.031720 -0.036112 1.012600 0.56 0.07 -0.77 -0.1305 -0.4965 -0.6270
4.12 23.94 1022.19 28.28 0.031232 -0.035136 1.011624 0.63 0.07 -0.77 -0.1440 -0.4845 -0.6390
4.13 23.94 1022.17 28.27 0.033184 -0.037088 1.013088 0.63 0.14 -0.84 -0.1335 -0.4920 -0.6285
4.14 23.94 1022.15 28.27 0.032208 -0.036112 1.012600 0.63 0.07 -0.84 -0.1335 -0.4890 -0.6360
4.15 23.94 1022.15 28.27 0.031720 -0.037088 1.012112 0.63 0.07 -0.84 -0.1350 -0.4830 -0.6285
4.16 23.94 1022.15 28.27 0.032696 -0.035136 1.012112 0.56 0.07 -0.77 -0.1410 -0.4785 -0.6390
4.17 23.94 1022.20 28.25 0.032696 -0.037088 1.013576 0.63 0.07 -0.84 -0.1350 -0.4905 -0.6285
4.18 23.94 1022.20 28.23 0.032208 -0.035624 1.013088 0.56 0.07 -0.77 -0.1365 -0.4860 -0.6315
4.19 23.94 1022.20 28.21 0.031720 -0.036112 1.012600 0.63 0.07 -0.77 -0.1260 -0.4965 -0.6315
4.20 23.94 1022.18 28.20 0.032208 -0.035624 1.012112 0.63 0.07 -0.84 -0.1425 -0.4965 -0.6315
4.21 23.94 1022.23 28.18 0.033672 -0.036600 1.014064 0.63 0.07 -0.77 -0.1380 -0.4980 -0.6360
4.22 23.94 1022.23 28.15 0.032696 -0.034160 1.012600 0.56 0.14 -0.84 -0.1440 -0.4965 -0.6345
4.23 23.94 1022.17 28.15 0.034648 -0.036600 1.012600 0.56 0.07 -0.84 -0.1395 -0.4845 -0.6270
4.24 23.94 1022.18 28.14 0.032208 -0.036600 1.012600 0.63 0.07 -0.77 -0.1395 -0.4890 -0.6360
4.25 23.94 1022.16 28.15 0.033672 -0.036600 1.012112 0.63 0.07 -0.77 -0.1425 -0.4890 -0.6285
4.26 23.94 1022.16 28.15 0.033672 -0.039040 1.011624 0.56 0.07 -0.84 -0.1395 -0.4935 -0.6345
4.27 23.94 1022.12 28.17 0.033672 -0.036600 1.012112 0.63 0.07 -0.77 -0.1365 -0.4875 -0.6405
4.28 23.94 1022.14 28.18 0.033184 -0.038552 1.012112 0.63 0.07 -0.77 -0.1305 -0.4950 -0.6255
4.29 23.94 1022.15 28.19 0.033184 -0.036600 1.012600 0.63 0.07 -0.77 -0.1410 -0.4995 -0.6420
4.30 23.94 1022.15 28.20 0.032696 -0.035624 1.012600 0.63 0.07 -0.77 -0.1350 -0.4935 -0.6225
4.31 23.94 1022.13 28.21 0.032696 -0.037088 1.011136 0.56 0.07 -0.77 -0.1335 -0.4860 -0.6315
4.32 23.94 1022.13 28.22 0.032696 -0.035136 1.014064 0.63 0.07 -0.77 -0.1365 -0.4890 -0.6285
4.33 23.94 1022.10 28.25 0.033184 -0.035624 1.012600 0.56 0.07 -0.77 -0.1305 -0.5010 -0.6255
4.34 23.94 1022.10 28.27 0.034648 -0.036112 1.012600 0.56 0.07 -0.84 -0.1365 -0.4890 -0.6405
4.35 23.94 1022.21 28.25 0.032696 -0.034648 1.011136 0.63 0.07 -0.84 -0.1365 -0.4890 -0.6330
4.36 23.94 1022.24 28.21 0.031720 -0.036600 1.013088 0.63 0.07 -0.84 -0.1350 -0.4905 -0.6240
4.37 23.94 1022.15 28.22 0.031720 -0.037088 1.012112 0.63 0.07 -0.84 -0.1395 -0.4860 -0.6330
4.38 23.94 1022.15 28.22 0.033184 -0.036600 1.012112 0.56 0.07 -0.77 -0.1335 -0.4920 -0.6360
4.39 23.94 1022.16 28.22 0.032696 -0.037088 1.012112 0.56 0.07 -0.84 -0.1410 -0.4950 -0.6405
4.40 23.94 1022.16 28.22 0.032208 -0.035624 1.012112 0.63 0.07 -0.77 -0.1335 -0.4905 -0.6360
4.41 23.94 1022.09 28.25 0.032696 -0.036600 1.011624 0.63 0.07 -0.70 -0.1365 -0.4905 -0.6360
4.42 23.94 1022.09 28.27 0.032208 -0.036112 1.012112 0.63 0.07 -0.77 -0.1365 -0.4995 -0.6330
4.43 23.94 1022.14 28.28 0.032208 -0.036112 1.013088 0.63 0.14 -0.77 -0.1245 -0.5010 -0.6315
4.44 23.94 1022.15 28.28 0.033672 -0.036112 1.013576 0.63 0.07 -0.77 -0.1350 -0.4860 -0.6360
4.45 23.94 1022.17 28.27 0.032696 -0.036600 1.012112 0.63 0.07 -0.77 -0.1350 -0.4845 -0.6330
4.46 23.94 1022.17 28.27 0.031232 -0.037088 1.012600 0.63 0.07 -0.84 -0.1305 -0.4875 -0.6330
4.47 23.94 1022.19 28.25 0.034648 -0.036112 1.011624 0.56 0.07 -0.77 -0.1335 -0.4935 -0.6330
4.48 23.94 1022.15 28.26 0.031232 -0.035136 1.012600 0.56 0.07 -0.77 -0.1275 -0.4935 -0.6435
4.49 23.94 1022.20 28.24 0.032696 -0.036112 1.013088 0.56 0.07 -0.77 -0.1305 -0.4950 -0.6345
4.50 23.94 1022.20 28.22 0.030744 -0.036600 1.013576 0.63 0.07 -0.77 -0.1320 -0.4905 -0.6300
4.51 23.94 1022.22 28.19 0.030256 -0.036112 1.012600 0.63 0.07 -0.77 -0.1335 -0.4920 -0.6420
4.52 23.94 1022.20 28.18 0.030744 -0.036112 1.012112 0.56 0.07 -0.77 -0.1320 -0.4920 -0.6360
4.53 23.94 1022.27 28.13 0.032696 -0.038064 1.013088 0.56 0.07 -0.77 -0.1335 -0.4935 -0.6315
4.54 23.94 1022.27 28.09 0.031720 -0.037576 1.012600 0.56 0.07 -0.77 -0.1380 -0.4860 -0.6315
4.55 23.94 1022.22 28.07 0.032208 -0.035624 1.013088 0.63 0.07 -0.77 -0.1215 -0.4905 -0.6345
4.56 23.94 1022.12 28.09 0.032696 -0.035136 1.011136 0.63 0.07 -0.77 -0.1320 -0.4815 -0.6405
4.57 23.94 1022.23 28.07 0.032696 -0.035624 1.012112 0.56 0.07 -0.77 -0.1290 -0.4905 -0.6315
4.58 23.94 1022.23 28.05 0.032208 -0.037576 1.011136 0.63 0.07 -0.77 -0.1320 -0.4950 -0.6360
4.59 23.94 1022.17 28.05 0.033672 -0.035136 1.013576 0.63 0.07 -0.84 -0.1320 -0.4905 -0.6420
4.60 23.94 1022.18 28.05 0.033184 -0.037576 1.012600 0.56 0.07 -0.77 -0.1305 -0.4800 -0.6360
4.61 23.94 1022.12 28.08 0.032696 -0.037576 1.011624 0.63 0.07 -0.77 -0.1320 -0.4845 -0.6390
4.62 23.94 1022.12 28.10 0.033184 -0.035624 1.012112 0.56 0.07 -0.77 -0.1365 -0.4875 -0.6345
4.63 23.94 1022.18 28.10 0.032208 -0.035136 1.012112 0.56 0.07 -0.77 -0.1275 -0.4920 -0.6360
4.64 23.94 1022.12 28.12 0.033184 -0.037088 1.012112 0.63 0.07 -0.77 -0.1260 -0.4935 -0.6345
4.65 23.94 1022.18 28.12 0.032208 -0.036600 1.013088 0.56 0.07 -0.77 -0.1425 -0.4935 -0.6405
4.66 23.94 1022.18 28.11 0.033184 -0.037088 1.012112 0.63 0.14 -0.84 -0.1305 -0.4920 -0.6390
4.67 23.94 1022.21 28.10 0.033672 -0.036112 1.012112 0.63 0.14 -0.84 -0.1380 -0.4950 -0.6285
4.68 23.94 1022.14 28.11 0.032696 -0.036600 1.012112 0.63 0.14 -0.77 -0.1395 -0.4875 -0.6375
4.69 23.94 1022.17 28.11 0.033184 -0.036112 1.013576 0.63 0.07 -0.77 -0.1380 -0.4860 -0.6405
4.70 23.94 1022.17 28.11 0.033672 -0.037576 1.012600 0.63 0.07 -0.77 -0.1515 -0.4905 -0.6390
4.71 23.94 1022.04 28.17 0.032696 -0.035624 1.011136 0.63 0.07 -0.77 -0.1395 -0.4965 -0.6360
4.72 23.94 1022.19 28.16 0.032208 -0.035624 1.012600 0.63 0.07 -0.77 -0.1320 -0.4965 -0.6450
4.73 23.94 1022.19 28.15 0.031720 -0.036600 1.013576 0.63 0.07 -0.77 -0.1365 -0.4935 -0.6375
4.74 23.94 1022.10 28.18 0.032208 -0.036600 1.012600 0.56 0.07 -0.84 -0.1335 -0.4815 -0.6315
4.75 23.94 1022.19 28.17 0.033672 -0.036600 1.011624 0.56 0.07 -0.77 -0.1335 -0.4965 -0.6285
4.76 23.94 1022.12 28.19 0.033184 -0.036600 1.012600 0.63 0.14 -0.77 -0.1335 -0.4875 -0.6375
4.77 23.94 1022.12 28.22 0.033184 -0.036600 1.011624 0.63 0.07 -0.84 -0.1410 -0.4890 -0.6300
4.78 23.94 1022.20 28.20 0.033184 -0.036112 1.012600 0.63 0.07 -0.77 -0.1410 -0.4890 -0.6405
4.79 23.94 1022.17 28.20 0.032696 -0.036600 1.011624 0.56 0.07 -0.77 -0.1350 -0.4890 -0.6375
4.80 23.94 1022.14 28.21 0.031720 -0.037576 1.014552 0.63 0.07 -0.77 -0.1335 -0.4920 -0.6315
4.81 23.94 1022.14 28.21 0.034160 -0.036600 1.011624 0.56 0.07 -0.77 -0.1320 -0.4890 -0.6375
4.82 23.94 1022.23 28.18 0.033184 -0.037088 1.013576 0.56 0.07 -0.77 -0.1395 -0.4935 -0.6315
4.83 23.94 1022.16 28.19 0.033672 -0.036112 1.012600 0.63 0.07 -0.77 -0.1350 -0.4935 -0.6240
4.84 23.94 1022.23 28.16 0.031720 -0.038064 1.012600 0.63 0.07 -0.77 -0.1365 -0.4905 -0.6345
4.85 23.94 1022.23 28.13 0.032696 -0.037088 1.012112 0.56 0.07 -0.84 -0.1365 -0.4980 -0.6375
4.86 23.94 1022.17 28.13 0.032208 -0.036600 1.012112 0.56 0.07 -0.77 -0.1425 -0.4875 -0.6285
4.87 23.94 1022.24 28.10 0.033184 -0.036600 1.011624 0.63 0.07 -0.77 -0.1425 -0.4890 -0.6300
4.88 23.94 1022.11 28.13 0.032208 -0.036112 1.011624 0.63 0.07 -0.77 -0.1365 -0.4860 -0.6405
4.89 23.94 1022.11 28.16 0.031720 -0.036600 1.013088 0.56 0.07 -0.77 -0.1380 -0.4950 -0.6375
4.90 23.94 1022.20 28.15 0.033184 -0.037088 1.012112 0.56 0.07 -0.77 -0.1335 -0.4965 -0.6345
4.91 23.94 1022.20 28.13 0.034160 -0.036600 1.012112 0.63 0.07 -0.84 -0.1305 -0.4800 -0.6345
4.92 23.94 1022.15 28.14 0.032696 -0.036600 1.011136 0.63 0.07 -0.84 -0.1440 -0.4950 -0.6375
4.93 23.94 1022.15 28.15 0.033184 -0.037576 1.012112 0.63 0.07 -0.84 -0.1305 -0.4890 -0.6450
4.94 23.94 1022.18 28.15 0.032208 -0.036600 1.012112 0.63 0.14 -0.77 -0.1395 -0.4920 -0.6435
4.95 23.94 1022.19 28.14 0.032696 -0.036600 1.012600 0.63 0.07 -0.77 -0.1305 -0.4965 -0.6345
4.96 23.94 1022.15 28.15 0.033184 -0.037576 1.012112 0.56 0.07 -0.77 -0.1425 -0.4950 -0.6300
4.97 23.94 1022.15 28.16 0.032696 -0.037088 1.012112 0.56 0.07 -0.77 -0.1260 -0.4905 -0.6375
4.98 23.94 1022.14 28.17 0.031720 -0.037576 1.011624 0.63 0.07 -0.84 -0.1305 -0.4905 -0.6375
4.99 23.94 1022.19 28.16 0.032208 -0.035624 1.011136 0.56 0.07 -0.77 -0.1380 -0.4890 -0.6315
5.00 23.94 1022.20 28.14 0.032208 -0.034648 1.012112 0.56 0.07 -0.77 -0.1350 -0.4875 -0.6375
5.01 23.94 1022.20 28.13 0.034160 -0.033672 1.011624 0.56 0.07 -0.77 -0.1335 -0.4950 -0.6300
5.02 23.94 1022.21 28.11 0.033184 -0.036600 1.012112 0.56 0.07 -0.77 -0.1335 -0.4980 -0.6360
5.03 23.94 1022.20 28.10 0.031232 -0.037576 1.013576 0.56 0.07 -0.77 -0.1395 -0.4965 -0.6285
5.04 23.94 1022.18 28.10 0.032696 -0.037088 1.011624 0.63 0.07 -0.77 -0.1305 -0.4935 -0.6405
5.05 23.94 1022.18 28.10 0.031232 -0.036112 1.012112 0.63 0.07 -0.77 -0.1275 -0.4920 -0.6345
5.06 23.94 1022.11 28.12 0.031720 -0.036600 1.013088 0.56 0.07 -0.84 -0.1365 -0.4875 -0.6375
5.07 23.94 1022.16 28.13 0.031720 -0.036600 1.011136 0.56 0.07 -0.77 -0.1320 -0.4890 -0.6390
5.08 23.94 1022.15 28.14 0.032208 -0.036112 1.012112 0.63 0.07 -0.84 -0.1455 -0.4935 -0.6285
5.09 23.94 1022.15 28.14 0.032208 -0.037576 1.013088 0.63 0.07 -0.77 -0.1365 -0.4830 -0.6285
5.10 23.94 1022.20 28.13 0.031720 -0.036600 1.011136 0.63 0.07 -0.84 -0.1380 -0.4920 -0.6345
5.11 23.94 1022.16 28.14 0.031232 -0.037088 1.012112 0.63 0.07 -0.84 -0.1380 -0.4875 -0.6300
5.12 23.94 1022.19 28.13 0.031232 -0.038064 1.012600 0.56 0.07 -0.77 -0.1290 -0.4905 -0.6435
5.13 23.94 1022.19 28.12 0.032696 -0.035136 1.014064 0.63 0.07 -0.84 -0.1395 -0.4905 -0.6360
5.14 23.94 1022.16 28.13 0.033184 -0.035624 1.012112 0.63 0.07 -0.84 -0.1335 -0.4935 -0.6405
5.15 23.94 1022.14 28.14 0.032696 -0.036600 1.013088 0.63 0.07 -0.77 -0.1365 -0.4875 -0.6405
5.16 23.94 1022.15 28.15 0.032696 -0.036600 1.012600 0.56 0.07 -0.77 -0.1365 -0.4875 -0.6300
5.17 23.94 1022.15 28.16 0.032208 -0.037088 1.012112 0.63 0.07 -0.77 -0.1380 -0.4905 -0.6285
5.18 23.94 1022.13 28.18 0.034160 -0.036600 1.010648 0.63 0.14 -0.84 -0.1350 -0.4845 -0.6345
5.19 23.94 1022.16 28.18 0.034160 -0.037576 1.014064 0.63 0.07 -0.77 -0.1410 -0.4875 -0.6345
5.20 23.94 1022.18 28.17 0.032208 -0.038552 1.012112 0.63 0.07 -0.77 -0.1395 -0.4875 -0.6330
5.21 23.94 1022.18 28.17 0.031720 -0.037576 1.012112 0.56 0.07 -0.77 -0.1410 -0.4905 -0.6345
5.22 23.94 1022.18 28.16 0.030256 -0.035624 1.014552 0.63 0.07 -0.77 -0.1380 -0.4890 -0.6375
5.23 23.94 1022.18 28.16 0.033184 -0.036600 1.012112 0.56 0.14 -0.77 -0.1290 -0.4905 -0.6390
5.24 23.94 1022.18 28.15 0.033184 -0.035136 1.011136 0.63 0.07 -0.77 -0.1350 -0.4890 -0.6330
5.25 23.94 1022.16 28.15 0.032696 -0.037576 1.011624 0.56 0.07 -0.77 -0.1410 -0.4875 -0.6435
5.26 23.94 1022.14 28.16 0.030256 -0.036600 1.012600 0.63 0.07 -0.77 -0.1365 -0.4935 -0.6315
5.27 23.94 1022.08 28.20 0.032696 -0.036600 1.011136 0.63 0.07 -0.84 -0.1335 -0.4935 -0.6360
5.28 23.94 1022.08 28.24 0.031720 -0.037576 1.011624 0.56 0.07 -0.84 -0.1470 -0.4935 -0.6300
5.29 23.94 1022.22 28.21 0.032208 -0.038064 1.012112 0.56 0.07 -0.77 -0.1380 -0.4860 -0.6405
5.30 23.94 1022.07 28.24 0.032208 -0.037576 1.011624 0.56 0.07 -0.84 -0.1425 -0.4830 -0.6390
5.31 23.94 1022.22 28.22 0.032208 -0.033672 1.011624 0.56 0.07 -0.77 -0.1305 -0.4860 -0.6330
5.32 23.94 1022.22 28.19 0.032696 -0.034648 1.011624 0.56 0.07 -0.77 -0.1380 -0.4935 -0.6405
5.33 23.94 1022.11 28.22 0.032208 -0.038552 1.011136 0.56 0.07 -0.77 -0.1425 -0.4845 -0.6315
5.34 23.94 1022.17 28.22 0.033672 -0.037088 1.012600 0.63 0.07 -0.77 -0.1410 -0.4890 -0.6360
5.35 23.94 1022.19 28.20 0.033672 -0.035624 1.013576 0.63 0.07 -0.77 -0.1380 -0.4845 -0.6390
5.36 23.94 1022.19 28.19 0.033672 -0.035624 1.011624 0.63 0.07 -0.77 -0.1290 -0.4860 -0.6240
5.37 23.94 1022.21 28.17 0.032696 -0.037088 1.012112 0.56 0.07 -0.77 -0.1380 -0.4920 -0.6330
5.38 23.94 1022.26 28.14 0.033184 -0.039040 1.012112 0.63 0.07 -0.77 -0.1365 -0.4860 -0.6450
5.39 23.94 1022.20 28.12 0.031232 -0.037576 1.012112 0.63 0.07 -0.77 -0.1350 -0.4935 -0.6345
5.40 23.94 1022.20 28.11 0.032696 -0.037576 1.012112 0.63 0.07 -0.77 -0.1425 -0.4935 -0.6345
5.41 23.94 1022.19 28.11 0.033672 -0.035624 1.013576 0.56 0.07 -0.84 -0.1395 -0.4845 -0.6375
5.42 23.94 1022.15 28.12 0.033672 -0.037576 1.011624 0.63 0.07 -0.77 -0.1305 -0.4890 -0.6390
5.43 23.94 1022.13 28.14 0.033672 -0.037088 1.012600 0.56 0.14 -0.77 -0.1365 -0.4905 -0.6300
5.44 23.94 1022.13 28.15 0.033672 -0.036112 1.013088 0.56 0.14 -0.77 -0.1395 -0.4815 -0.6345
5.45 23.94 1022.20 28.14 0.034160 -0.036112 1.012112 0.63 0.07 -0.84 -0.1290 -0.4815 -0.6345
5.46 23.94 1022.28 28.09 0.032696 -0.035624 1.012112 0.63 0.07 -0.77 -0.1380 -0.4905 -0.6315
5.47 23.94 1022.20 28.08 0.032208 -0.035136 1.013088 0.63 0.07 -0.77 -0.1365 -0.4905 -0.6330
5.48 23.94 1022.20 28.07 0.032696 -0.039040 1.013088 0.63 0.14 -0.77 -0.1410 -0.4905 -0.6345
5.49 23.94 1022.16 28.08 0.031720 -0.037576 1.010648 0.56 0.07 -0.77 -0.1365 -0.4935 -0.6405
5.50 23.94 1022.10 28.11 0.032208 -0.036600 1.013088 0.63 0.07 -0.77 -0.1320 -0.4875 -0.6375
5.51 23.94 1022.12 28.13 0.032208 -0.035136 1.012600 0.56 0.07 -0.77 -0.1365 -0.4920 -0.6315
5.52 23.94 1022.12 28.16 0.031720 -0.036112 1.012112 0.56 0.07 -0.84 -0.1395 -0.4950 -0.6435
5.53 23.94 1022.17 28.15 0.032696 -0.037576 1.012112 0.56 0.07 -0.77 -0.1320 -0.4860 -0.6300
5.54 23.94 1022.06 28.20 0.031720 -0.035624 1.012112 0.63 0.07 -0.77 -0.1380 -0.4860 -0.6300
5.55 23.94 1022.15 28.20 0.031720 -0.036600 1.012112 0.63 0.00 -0.84 -0.1425 -0.4995 -0.6360
5.56 23.94 1022.15 28.21 0.031720 -0.037576 1.012112 0.63 0.07 -0.77 -0.1305 -0.4905 -0.6405
5.57 23.94 1022.20 28.19 0.033184 -0.038064 1.013088 0.63 0.07 -0.77 -0.1380 -0.4845 -0.6375
5.58 23.94 1022.19 28.18 0.034160 -0.038552 1.012600 0.63 0.07 -0.77 -0.1350 -0.4920 -0.6405
5.59 23.94 1022.21 28.16 0.032208 -0.035624 1.012600 0.63 0.07 -0.77 -0.1395 -0.4830 -0.6240
5.60 23.94 1022.21 28.15 0.031232 -0.036112 1.013576 0.63 0.07 -0.77 -0.1365 -0.4905 -0.6375
5.61 23.94 1022.19 28.14 0.032696 -0.037576 1.012112 0.63 0.07 -0.77 -0.1350 -0.4935 -0.6360
5.62 23.94 1022.14 28.15 0.032208 -0.037576 1.012600 0.63 0.07 -0.84 -0.1410 -0.4905 -0.6360
5.63 23.94 1022.19 28.14 0.033672 -0.037088 1.013088 0.63 0.07 -0.77 -0.1290 -0.4875 -0.6315
5.64 23.94 1022.19 28.13 0.032696 -0.036600 1.012600 0.63 0.14 -0.84 -0.1380 -0.4950 -0.6360
5.65 23.94 1022.19 28.13 0.031720 -0.037088 1.011624 0.56 0.07 -0.77 -0.1410 -0.4830 -0.6390
5.66 23.94 1022.19 28.12 0.032208 -0.038064 1.012112 0.63 0.07 -0.77 -0.1350 -0.4935 -0.6360
5.67 23.94 1022.19 28.11 0.031720 -0.037576 1.012600 0.63 0.07 -0.77 -0.1290 -0.4890 -0.6300
5.68 23.94 1022.19 28.11 0.032696 -0.034648 1.011624 0.63 0.07 -0.77 -0.1395 -0.4875 -0.6390
5.69 23.94 1022.19 28.10 0.033672 -0.034648 1.013576 0.63 0.07 -0.77 -0.1335 -0.4890 -0.6300
5.70 23.94 1022.11 28.13 0.032696 -0.037088 1.012112 0.63 0.07 -0.77 -0.1425 -0.4965 -0.6405
5.71 23.94 1022.24 28.10 0.032208 -0.036600 1.012600 0.56 0.07 -0.84 -0.1365 -0.5025 -0.6300
5.72 23.94 1022.24 28.07 0.032208 -0.036112 1.011136 0.56 0.07 -0.84 -0.1275 -0.4890 -0.6315
5.73 23.94 1022.16 28.08 0.032208 -0.035624 1.012112 0.63 0.07 -0.84 -0.1380 -0.4935 -0.6330
5.74 23.94 1022.13 28.10 0.031720 -0.035136 1.014064 0.56 0.07 -0.77 -0.1290 -0.4905 -0.6345
5.75 23.94 1022.11 28.13 0.033184 -0.036600 1.013088 0.56 0.14 -0.77 -0.1320 -0.5040 -0.6345
5.76 23.94 1022.11 28.15 0.031720 -0.038552 1.013088 0.63 0.07 -0.84 -0.1320 -0.4890 -0.6345
5.77 23.94 1022.22 28.13 0.034160 -0.037088 1.012600 0.63 0.07 -0.77 -0.1335 -0.4875 -0.6300
5.78 23.94 1022.18 28.12 0.032696 -0.035624 1.011624 0.63 0.14 -0.77 -0.1350 -0.4905 -0.6330
5.79 23.94 1022.18 28.12 0.034648 -0.035624 1.012600 0.63 0.07 -0.77 -0.1305 -0.4965 -0.6420
5.80 23.94 1022.16 28.13 0.032696 -0.036600 1.011624 0.56 0.07 -0.77 -0.1305 -0.4905 -0.6330
5.81 23.94 1022.04 28.18 0.031720 -0.035624 1.013576 0.63 0.07 -0.77 -0.1395 -0.4935 -0.6330
5.82 23.94 1022.19 28.17 0.032696 -0.035624 1.012600 0.56 0.07 -0.77 -0.1275 -0.4890 -0.6345
5.83 23.94 1022.19 28.16 0.033672 -0.037088 1.012112 0.56 0.07 -0.77 -0.1335 -0.4890 -0.6330
5.84 23.94 1022.16 28.16 0.033184 -0.035624 1.012600 0.63 0.07 -0.77 -0.1350 -0.4995 -0.6390
5.85 23.94 1022.16 28.17 0.032696 -0.037576 1.012600 0.63 0.07 -0.77 -0.1335 -0.4980 -0.6315
5.86 23.94 1022.07 28.21 0.033184 -0.036600 1.012600 0.63 0.14 -0.77 -0.1365 -0.4890 -0.6375
5.87 23.94 1022.07 28.25 0.033184 -0.035624 1.012600 0.63 0.07 -0.77 -0.1305 -0.4875 -0.6330
5.88 23.94 1022.16 28.25 0.033672 -0.037088 1.013088 0.56 0.07 -0.84 -0.1335 -0.4920 -0.6330
5.89 23.94 1022.11 28.26 0.031720 -0.036112 1.012112 0.56 0.07 -0.84 -0.1440 -0.4860 -0.6360
5.90 23.94 1022.19 28.25 0.032208 -0.036600 1.011624 0.63 0.07 -0.77 -0.1275 -0.4965 -0.6360
5.91 23.94 1022.19 28.24 0.033184 -0.036600 1.012600 0.56 0.07 -0.77 -0.1350 -0.4905 -0.6300
5.92 23.94 1022.10 28.26 0.031720 -0.035624 1.013088 0.56 0.07 -0.77 -0.1335 -0.4860 -0.6360
5.93 23.94 1022.24 28.23 0.031720 -0.036600 1.011624 0.63 0.07 -0.77 -0.1320 -0.4950 -0.6285
5.94 23.94 1022.06 28.27 0.032696 -0.035136 1.012600 0.63 0.07 -0.84 -0.1365 -0.4965 -0.6315
5.95 23.94 1022.06 28.31 0.032696 -0.035624 1.011624 0.56 0.07 -0.84 -0.1365 -0.4980 -0.6330
5.96 23.94 1022.20 28.29 0.033184 -0.037088 1.011136 0.63 0.07 -0.77 -0.1395 -0.4965 -0.6420
5.97 23.94 1022.25 28.25 0.032208 -0.038064 1.011624 0.56 0.07 -0.84 -0.1305 -0.4935 -0.6360
5.98 23.94 1022.19 28.23 0.032696 -0.036112 1.010648 0.56 0.00 -0.77 -0.1335 -0.4980 -0.6285
5.99 23.94 1022.19 28.22 0.033672 -0.036112 1.011624 0.63 0.14 -0.84 -0.1335 -0.4860 -0.6315
6.00 23.94 1022.18 28.21 0.033184 -0.036112 1.012600 0.56 0.07 -0.77 -0.1380 -0.4980 -0.6330
6.01 23.94 1022.20 28.20 0.032208 -0.035136 1.013576 0.56 0.07 -0.84 -0.1380 -0.4995 -0.6375
6.02 23.94 1022.08 28.23 0.032696 -0.037088 1.012600 0.63 0.07 -0.84 -0.1350 -0.4980 -0.6345
6.03 23.94 1022.08 28.26 0.032696 -0.036600 1.013088 0.56 0.07 -0.77 -0.1305 -0.4890 -0.6300
6.04 23.94 1022.14 28.27 0.032696 -0.035624 1.013576 0.63 0.07 -0.84 -0.1335 -0.4935 -0.6330
6.05 23.94 1022.17 28.27 0.033672 -0.036600 1.012600 0.56 0.07 -0.77 -0.1305 -0.4920 -0.6330
6.06 23.94 1022.14 28.27 0.033672 -0.039040 1.013088 0.56 0.07 -0.77 -0.1335 -0.4980 -0.6345
6.07 23.94 1022.14 28.28 0.033672 -0.037576 1.011136 0.56 0.07 -0.77 -0.1335 -0.4875 -0.6390
6.08 23.94 1022.24 28.24 0.031720 -0.035624 1.012600 0.63 0.07 -0.77 -0.1365 -0.4875 -0.6330
6.09 23.94 1022.23 28.22 0.031720 -0.035624 1.011624 0.63 0.07 -0.84 -0.1350 -0.4875 -0.6315
6.10 23.94 1022.13 28.23 0.032696 -0.034160 1.011624 0.56 0.07 -0.84 -0.1410 -0.4980 -0.6345
6.11 23.94 1022.13 28.24 0.033184 -0.035624 1.013088 0.63 0.07 -0.77 -0.1455 -0.4875 -0.6405
6.12 23.94 1022.17 28.24 0.032208 -0.038064 1.013576 0.63 0.07 -0.77 -0.1440 -0.4845 -0.6330
6.13 23.94 1022.10 28.27 0.030744 -0.037088 1.012600 0.63 0.07 -0.77 -0.1410 -0.4980 -0.6390
6.14 23.94 1022.22 28.24 0.032208 -0.036112 1.014064 0.63 0.07 -0.84 -0.1380 -0.4905 -0.6315
6.15 23.94 1022.22 28.21 0.033184 -0.037576 1.012600 0.63 0.07 -0.77 -0.1305 -0.4950 -0.6345
6.16 23.94 1022.17 28.21 0.032208 -0.037576 1.013576 0.56 0.07 -0.77 -0.1410 -0.4860 -0.6345
6.17 23.94 1022.04 28.26 0.032696 -0.035624 1.012112 0.56 0.07 -0.77 -0.1320 -0.4950 -0.6345
6.18 23.94 1022.13 28.27 0.032696 -0.036600 1.011624 0.56 0.07 -0.77 -0.1290 -0.4875 -0.6330
6.19 23.94 1022.13 28.28 0.033184 -0.037088 1.012600 0.56 0.07 -0.77 -0.1380 -0.4950 -0.6375
6.20 23.94 1022.19 28.27 0.033672 -0.037576 1.013088 0.63 0.07 -0.77 -0.1305 -0.4935 -0.6315
6.21 23.94 1022.17 28.26 0.033672 -0.036112 1.014064 0.63 0.07 -0.77 -0.1335 -0.4890 -0.6345
6.22 23.94 1022.17 28.26 0.031232 -0.036600 1.013088 0.63 0.14 -0.77 -0.1305 -0.4965 -0.6450
6.23 23.94 1022.17 28.25 0.030256 -0.036600 1.012600 0.63 0.07 -0.77 -0.1440 -0.4950 -0.6420
6.24 23.94 1022.15 28.26 0.032696 -0.036112 1.012600 0.63 0.07 -0.77 -0.1395 -0.4860 -0.6330
6.25 23.94 1022.25 28.21 0.033184 -0.037576 1.012112 0.63 0.07 -0.77 -0.1305 -0.4920 -0.6300
6.26 23.94 1022.20 28.20 0.032696 -0.036600 1.012112 0.63 0.07 -0.77 -0.1365 -0.4830 -0.6360
6.27 23.94 1022.20 28.19 0.032696 -0.037088 1.012112 0.63 0.07 -0.77 -0.1335 -0.4950 -0.6300
6.28 23.94 1022.15 28.19 0.031720 -0.036600 1.012600 0.63 0.07 -0.77 -0.1335 -0.4935 -0.6255
6.29 23.94 1022.12 28.21 0.032208 -0.037088 1.011624 0.63 0.14 -0.77 -0.1320 -0.4890 -0.6255
6.30 23.94 1022.20 28.20 0.031232 -0.034648 1.013088 0.56 0.07 -0.77 -0.1350 -0.4920 -0.6420
6.31 23.94 1022.20 28.19 0.032208 -0.035624 1.012600 0.56 0.07 -0.84 -0.1305 -0.4965 -0.6315
6.32 23.94 1022.14 28.20 0.033672 -0.037088 1.013088 0.56 0.07 -0.84 -0.1455 -0.4950 -0.6300
6.33 23.94 1022.19 28.18 0.032208 -0.037576 1.011136 0.63 0.07 -0.77 -0.1335 -0.4860 -0.6375
6.34 23.94 1022.19 28.17 0.031720 -0.037576 1.011624 0.56 0.07 -0.77 -0.1380 -0.4935 -0.6300
6.35 23.94 1022.15 28.18 0.032696 -0.034648 1.011136 0.56 0.07 -0.77 -0.1425 -0.4965 -0.6330
6.36 23.94 1022.09 28.21 0.033184 -0.037088 1.011136 0.56 0.07 -0.77 -0.1320 -0.4875 -0.6300
6.37 23.94 1022.08 28.24 0.030256 -0.036600 1.012600 0.63 0.07 -0.84 -0.1335 -0.4950 -0.6315
6.38 23.94 1022.08 28.27 0.031720 -0.036600 1.012112 0.63 0.14 -0.84 -0.1380 -0.4950 -0.6345
6.39 23.94 1022.18 28.27 0.031232 -0.036112 1.014552 0.63 0.14 -0.77 -0.1380 -0.4920 -0.6330
6.40 23.94 1022.19 28.25 0.033672 -0.036112 1.012112 0.56 0.07 -0.77 -0.1275 -0.4920 -0.6330
6.41 23.94 1022.22 28.22 0.032208 -0.036112 1.010648 0.63 0.14 -0.77 -0.1335 -0.4920 -0.6315
6.42 23.94 1022.22 28.20 0.032696 -0.036112 1.011624 0.56 0.07 -0.77 -0.1395 -0.4950 -0.6405
6.43 23.94 1022.16 28.20 0.032208 -0.036600 1.011624 0.56 0.07 -0.84 -0.1290 -0.4935 -0.6285
6.44 23.94 1022.23 28.18 0.033184 -0.036600 1.013088 0.63 0.07 -0.84 -0.1380 -0.4800 -0.6390
6.45 23.94 1022.14 28.19 0.032696 -0.036600 1.013576 0.56 0.07 -0.77 -0.1335 -0.4980 -0.6390
6.46 23.94 1022.14 28.20 0.032208 -0.037088 1.013088 0.56 0.07 -0.77 -0.1395 -0.4875 -0.6450
6.47 23.94 1022.14 28.22 0.031720 -0.036112 1.012112 0.56 0.07 -0.77 -0.1320 -0.4935 -0.6360
6.48 23.94 1022.14 28.23 0.032208 -0.037088 1.012112 0.56 0.07 -0.77 -0.1380 -0.4920 -0.6450
6.49 23.94 1022.15 28.23 0.033184 -0.037576 1.012112 0.63 0.07 -0.77 -0.1335 -0.4815 -0.6315
6.50 23.94 1022.15 28.24 0.032208 -0.037088 1.012600 0.63 0.07 -0.77 -0.1425 -0.4875 -0.6360
6.51 23.94 1022.14 28.25 0.032696 -0.036600 1.012600 0.63 0.07 -0.77 -0.1395 -0.4905 -0.6300
6.52 23.94 1022.13 28.26 0.031720 -0.038552 1.011624 0.56 0.07 -0.77 -0.1395 -0.4845 -0.6405
6.53 23.94 1022.15 28.26 0.033184 -0.036112 1.012112 0.63 0.07 -0.84 -0.1350 -0.4950 -0.6210
6.54 23.94 1022.15 28.26 0.032696 -0.036600 1.012600 0.63 0.07 -0.77 -0.1350 -0.4920 -0.6330
6.55 23.94 1022.14 28.27 0.033672 -0.036600 1.013576 0.56 0.07 -0.77 -0.1275 -0.5010 -0.6315
6.56 23.94 1022.11 28.29 0.032696 -0.037088 1.012112 0.56 0.07 -0.77 -0.1395 -0.4905 -0.6345
6.57 23.94 1022.30 28.23 0.031720 -0.037576 1.014064 0.63 0.14 -0.77 -0.1290 -0.4905 -0.6360
6.58 23.94 1022.30 28.17 0.033672 -0.035624 1.011624 0.63 0.07 -0.77 -0.1425 -0.4920 -0.6390
6.59 23.94 1022.19 28.17 0.032696 -0.036112 1.013576 0.63 0.07 -0.77 -0.1275 -0.4830 -0.6345
6.60 23.94 1022.07 28.21 0.032696 -0.037088 1.013088 0.63 0.07 -0.84 -0.1425 -0.4950 -0.6375
6.61 23.94 1022.29 28.15 0.032696 -0.037088 1.013088 0.56 0.00 -0.77 -0.1335 -0.4980 -0.6330
6.62 23.94 1022.29 28.11 0.032208 -0.037088 1.012600 0.56 0.07 -0.77 -0.1350 -0.4875 -0.6375
6.63 23.94 1022.14 28.12 0.032696 -0.036112 1.012112 0.63 0.07 -0.84 -0.1290 -0.5025 -0.6330
6.64 23.94 1022.13 28.14 0.032208 -0.037088 1.012112 0.56 0.14 -0.84 -0.1335 -0.4995 -0.6345
6.65 23.94 1022.20 28.13 0.033672 -0.035624 1.011624 0.63 0.14 -0.77 -0.1365 -0.4890 -0.6345
6.66 23.94 1022.20 28.12 0.031232 -0.035136 1.012112 0.63 0.07 -0.77 -0.1290 -0.4875 -0.6345
6.67 23.94 1022.16 28.13 0.032696 -0.037088 1.013576 0.63 0.07 -0.77 -0.1305 -0.4875 -0.6360
6.68 23.94 1022.25 28.09 0.033184 -0.036112 1.013576 0.63 0.07 -0.77 -0.1455 -0.5025 -0.6375
6.69 23.94 1022.10 28.12 0.031720 -0.035624 1.012600 0.56 0.07 -0.84 -0.1275 -0.4875 -0.6330
6.70 23.94 1022.10 28.15 0.032208 -0.036112 1.013088 0.63 0.07 -0.84 -0.1395 -0.4935 -0.6375
6.71 23.94 1022.11 28.18 0.033184 -0.036112 1.011624 0.56 0.07 -0.77 -0.1425 -0.4995 -0.6345
6.72 23.94 1022.15 28.19 0.032696 -0.036112 1.011136 0.63 0.07 -0.77 -0.1350 -0.4980 -0.6360
6.73 23.94 1022.20 28.17 0.032696 -0.037576 1.012112 0.56 0.07 -0.77 -0.1365 -0.4995 -0.6390
6.74 23.94 1022.20 28.16 0.031720 -0.036112 1.012600 0.56 0.07 -0.77 -0.1350 -0.4890 -0.6285
6.75 23.94 1022.13 28.18 0.032696 -0.035624 1.013088 0.56 0.07 -0.77 -0.1365 -0.4920 -0.6330
6.76 23.94 1022.20 28.17 0.031720 -0.036600 1.012600 0.63 0.07 -0.77 -0.1410 -0.4950 -0.6345
6.77 23.94 1022.10 28.19 0.031720 -0.037088 1.012600 0.63 0.07 -0.77 -0.1305 -0.4935 -0.6360
6.78 23.94 1022.10 28.22 0.035136 -0.036600 1.011624 0.56 0.07 -0.77 -0.1395 -0.4905 -0.6405
6.79 23.94 1022.11 28.24 0.032208 -0.036600 1.011136 0.56 0.07 -0.77 -0.1380 -0.4890 -0.6285
6.80 23.94 1022.19 28.23 0.034648 -0.036600 1.013088 0.56 0.07 -0.77 -0.1395 -0.4995 -0.6390
6.81 23.94 1022.22 28.20 0.031232 -0.037088 1.011136 0.63 0.07 -0.77 -0.1305 -0.4905 -0.6300
6.82 23.94 1022.22 28.18 0.032208 -0.035136 1.011136 0.56 0.14 -0.84 -0.1395 -0.4890 -0.6375
6.83 23.94 1022.10 28.21 0.032696 -0.034648 1.012600 0.56 0.07 -0.77 -0.1350 -0.4935 -0.6405
6.84 23.94 1022.21 28.19 0.032696 -0.036600 1.013088 0.63 0.07 -0.77 -0.1380 -0.4815 -0.6375
6.85 23.94 1022.06 28.24 0.031720 -0.036600 1.012112 0.56 0.07 -0.84 -0.1380 -0.4980 -0.6420
6.86 23.94 1022.06 28.28 0.033672 -0.035624 1.012112 0.56 0.07 -0.84 -0.1410 -0.4980 -0.6315
6.87 23.94 1022.17 28.27 0.034160 -0.035624 1.012600 0.63 0.07 -0.77 -0.1365 -0.4860 -0.6375
6.88 23.94 1022.22 28.24 0.031232 -0.037576 1.012112 0.63 0.07 -0.77 -0.1275 -0.4935 -0.6375
6.89 23.94 1022.22 28.22 0.033184 -0.036112 1.010648 0.63 0.07 -0.77 -0.1305 -0.4920 -0.6405
6.90 23.94 1022.06 28.26 0.033184 -0.036112 1.012600 0.56 0.07 -0.77 -0.1425 -0.4860 -0.6435
6.91 23.94 1022.17 28.26 0.034160 -0.039040 1.013088 0.63 0.07 -0.77 -0.1380 -0.4905 -0.6465
6.92 23.94 1022.17 28.25 0.032696 -0.038064 1.011136 0.63 0.07 -0.77 -0.1305 -0.4980 -0.6315
6.93 23.94 1022.17 28.25 0.032696 -0.037576 1.012600 0.56 0.07 -0.77 -0.1350 -0.4890 -0.6315
6.94 23.94 1022.21 28.23 0.032696 -0.036600 1.012600 0.63 0.07 -0.77 -0.1350 -0.4875 -0.6285
6.95 23.94 1022.19 28.22 0.032696 -0.036112 1.012112 0.63 0.07 -0.77 -0.1395 -0.4935 -0.6315
6.96 23.94 1022.17 28.22 0.031232 -0.035624 1.011624 0.63 0.07 -0.77 -0.1335 -0.4905 -0.6300
6.97 23.94 1022.17 28.22 0.033672 -0.035136 1.013088 0.63 0.07 -0.77 -0.1365 -0.4875 -0.6345
6.98 23.94 1022.18 28.21 0.031232 -0.036112 1.012600 0.56 0.00 -0.77 -0.1350 -0.4890 -0.6360
6.99 23.94 1022.20 28.19 0.032696 -0.036112 1.012600 0.56 0.07 -0.77 -0.1425 -0.4920 -0.6315
7.00 23.94 1022.09 28.23 0.031720 -0.037576 1.013088 0.63 0.07 -0.77 -0.1410 -0.4905 -0.6390
7.01 23.94 1022.09 28.26 0.030744 -0.037088 1.012600 0.63 0.14 -0.77 -0.1380 -0.4905 -0.6405
7.02 23.94 1022.17 28.25 0.033672 -0.037088 1.011136 0.63 0.14 -0.77 -0.1260 -0.4890 -0.6495
7.03 23.94 1022.13 28.26 0.034160 -0.037576 1.012112 0.63 0.14 -0.77 -0.1260 -0.4875 -0.6330
7.04 23.94 1022.08 28.30 0.033672 -0.036112 1.012112 0.63 0.14 -0.77 -0.1350 -0.4950 -0.6360
7.05 23.94 1022.08 28.33 0.032696 -0.037088 1.013088 0.63 0.14 -0.84 -0.1335 -0.4920 -0.6390
7.06 23.94 1022.17 28.32 0.034160 -0.037088 1.012112 0.63 0.14 -0.77 -0.1395 -0.4890 -0.6390
7.07 23.94 1022.13 28.33 0.030744 -0.037088 1.013576 0.63 0.14 -0.77 -0.1365 -0.4965 -0.6360
7.08 23.94 1022.15 28.33 0.032696 -0.037088 1.012112 0.63 0.14 -0.77 -0.1335 -0.4860 -0.6390
7.09 23.94 1022.15 28.33 0.033184 -0.036600 1.011624 0.63 0.14 -0.77 -0.1380 -0.4920 -0.6375
7.10 23.94 1022.12 28.35 0.030256 -0.036112 1.009672 0.63 0.14 -0.77 -0.1290 -0.4950 -0.6255
7.11 23.94 1022.20 28.32 0.031720 -0.036112 1.013088 0.70 0.14 -0.77 -0.1350 -0.4905 -0.6360
7.12 23.94 1022.22 28.30 0.032208 -0.035624 1.013088 0.56 0.07 -0.77 -0.1440 -0.4950 -0.6375
7.13 23.94 1022.22 28.27 0.032696 -0.036600 1.013088 0.56 0.07 -0.77 -0.1350 -0.4935 -0.6345
7.14 23.94 1022.17 28.26 0.032696 -0.038064 1.012600 0.63 0.14 -0.77 -0.1365 -0.4890 -0.6465
7.15 23.94 1022.16 28.26 0.031720 -0.037088 1.013576 0.63 0.07 -0.77 -0.1350 -0.4905 -0.6345
7.16 23.94 1022.24 28.23 0.032696 -0.037088 1.013576 0.49 0.00 -0.77 -0.1455 -0.4935 -0.6360
7.17 23.94 1022.24 28.20 0.032696 -0.036600 1.012112 0.56 0.07 -0.77 -0.1455 -0.4905 -0.6375
7.18 24.00 1022.26 28.16 0.033672 -0.035136 1.013576 0.63 0.07 -0.77 -0.1380 -0.4950 -0.6375
7.19 24.00 1022.26 28.12 0.032208 -0.038064 1.011624 0.56 0.07 -0.77 -0.1335 -0.4950 -0.6360
7.20 24.00 1022.18 28.12 0.032208 -0.036600 1.010648 0.56 0.07 -0.77 -0.1335 -0.4860 -0.6345
7.21 24.00 1022.18 28.11 0.031720 -0.038064 1.013576 0.56 0.07 -0.77 -0.1350 -0.4860 -0.6330
7.22 24.00 1022.13 28.13 0.032696 -0.035624 1.012600 0.56 0.00 -0.77 -0.1440 -0.4935 -0.6375
7.23 24.00 1022.14 28.15 0.031720 -0.038064 1.012600 0.63 0.00 -0.77 -0.1440 -0.4980 -0.6345
7.24 24.00 1022.12 28.17 0.031232 -0.036600 1.012112 0.56 -0.07 -0.84 -0.1380 -0.4905 -0.6450
7.26 24.00 1022.21 28.15 0.032208 -0.037576 1.011624 0.56 -0.07 -0.77 -0.1395 -0.4965 -0.6405
7.28 24.00 1022.18 28.15 0.032208 -0.036112 1.013088 0.56 -0.07 -0.77 -0.1410 -0.4875 -0.6345
7.30 24.00 1022.20 28.14 0.031720 -0.036600 1.013088 0.63 -0.07 -0.84 -0.1395 -0.4905 -0.6390
7.32 24.00 1022.19 28.13 0.034160 -0.037088 1.011624 0.56 0.00 -0.84 -0.1380 -0.4920 -0.6345
7.33 24.00 1022.19 28.13 0.035136 -0.037088 1.012600 0.56 0.00 -0.77 -0.1380 -0.5010 -0.6315
7.34 24.00 1022.23 28.10 0.033672 -0.035624 1.011624 0.56 0.00 -0.84 -0.1440 -0.4935 -0.6360
7.35 24.00 1022.04 28.16 0.033672 -0.037088 1.012600 0.63 0.00 -0.77 -0.1320 -0.4980 -0.6330
7.36 24.00 1022.19 28.15 0.033184 -0.037088 1.012600 0.56 0.00 -0.77 -0.1245 -0.4905 -0.6360
7.37 24.00 1022.19 28.15 0.033184 -0.036600 1.013088 0.56 -0.07 -0.84 -0.1395 -0.4875 -0.6315
7.39 24.00 1022.17 28.15 0.033184 -0.038064 1.013088 0.56 -0.07 -0.77 -0.1335 -0.4890 -0.6330
7.41 24.00 1022.14 28.17 0.033184 -0.036112 1.012600 0.56 0.00 -0.77 -0.1245 -0.4890 -0.6375
7.42 24.00 1022.19 28.16 0.033672 -0.036600 1.012600 0.63 0.07 -0.77 -0.1395 -0.4950 -0.6360
7.43 24.00 1022.13 28.18 0.032696 -0.036112 1.012600 0.56 0.00 -0.77 -0.1320 -0.4935 -0.6270
7.44 24.00 1022.13 28.19 0.032208 -0.037088 1.012600 0.56 0.07 -0.84 -0.1335 -0.4995 -0.6390
7.45 24.00 1022.17 28.19 0.032696 -0.033672 1.011624 0.56 0.07 -0.84 -0.1305 -0.4935 -0.6375
7.46 24.00 1022.14 28.20 0.032696 -0.037088 1.012600 0.63 0.07 -0.77 -0.1395 -0.4980 -0.6360
7.47 24.00 1022.20 28.19 0.033184 -0.035624 1.012112 0.63 0.00 -0.84 -0.1350 -0.4980 -0.6300
7.48 24.00 1022.20 28.17 0.032208 -0.037088 1.011624 0.56 0.07 -0.77 -0.1410 -0.4950 -0.6345
7.49 24.00 1022.20 28.16 0.033184 -0.035624 1.011624 0.63 0.07 -0.84 -0.1350 -0.4860 -0.6390
7.50 24.00 1022.20 28.15 0.033184 -0.036600 1.012600 0.63 0.14 -0.84 -0.1335 -0.4905 -0.6420
7.51 24.00 1022.25 28.12 0.033184 -0.035624 1.013088 0.63 0.14 -0.77 -0.1335 -0.4935 -0.6300
7.52 24.00 1022.25 28.09 0.032208 -0.036112 1.013088 0.56 0.07 -0.77 -0.1335 -0.4935 -0.6405
7.53 24.00 1022.22 28.07 0.032696 -0.038552 1.012600 0.63 0.14 -0.77 -0.1395 -0.5010 -0.6345
7.54 24.00 1022.21 28.06 0.033672 -0.036112 1.011624 0.63 0.14 -0.77 -0.1350 -0.4860 -0.6330
7.55 24.00 1022.15 28.07 0.033184 -0.037088 1.011624 0.56 0.00 -0.77 -0.1305 -0.4920 -0.6345
7.56 24.00 1022.15 28.09 0.032208 -0.035624 1.013088 0.63 0.07 -0.84 -0.1335 -0.4890 -0.6345
7.57 24.00 1022.20 28.08 0.034648 -0.037088 1.014064 0.56 0.00 -0.77 -0.1290 -0.4920 -0.6360
7.58 24.00 1022.14 28.09 0.034160 -0.037088 1.010648 0.63 0.07 -0.84 -0.1425 -0.4980 -0.6330
7.59 24.00 1022.23 28.07 0.033184 -0.036112 1.012600 0.63 0.07 -0.84 -0.1380 -0.4905 -0.6345
7.60 24.00 1022.23 28.05 0.034160 -0.036600 1.012600 0.56 0.00 -0.84 -0.1260 -0.4920 -0.6390
7.61 24.00 1022.21 28.04 0.032208 -0.036112 1.011624 0.56 0.07 -0.77 -0.1380 -0.4965 -0.6300
7.62 24.00 1022.14 28.06 0.034160 -0.034648 1.012600 0.63 0.00 -0.77 -0.1335 -0.4845 -0.6375
7.63 24.00 1022.18 28.06 0.033184 -0.036112 1.012112 0.63 0.00 -0.77 -0.1395 -0.4860 -0.6330
7.64 24.00 1022.18 28.06 0.033184 -0.035624 1.012600 0.63 0.00 -0.77 -0.1350 -0.4890 -0.6450
7.65 24.00 1022.14 28.08 0.033184 -0.035624 1.012600 0.63 0.07 -0.77 -0.1305 -0.4860 -0.6375
7.66 24.00 1022.12 28.10 0.033672 -0.036112 1.013088 0.63 0.07 -0.77 -0.1320 -0.4890 -0.6420
7.67 24.00 1022.14 28.12 0.032208 -0.036112 1.012600 0.63 0.07 -0.77 -0.1425 -0.4950 -0.6315
7.68 24.00 1022.14 28.13 0.034160 -0.036112 1.011624 0.63 0.07 -0.77 -0.1305 -0.5040 -0.6390
7.69 24.00 1022.15 28.14 0.032696 -0.038552 1.012112 0.63 0.07 -0.84 -0.1305 -0.4995 -0.6375
7.70 24.00 1022.19 28.13 0.033184 -0.036112 1.011624 0.56 0.07 -0.84 -0.1305 -0.4875 -0.6315
7.71 24.00 1022.16 28.14 0.033672 -0.037088 1.012600 0.63 0.07 -0.77 -0.1335 -0.4920 -0.6360
7.72 24.00 1022.16 28.15 0.033672 -0.035136 1.012600 0.63 0.07 -0.77 -0.1365 -0.4920 -0.6330
7.73 24.00 1022.08 28.19 0.033672 -0.036600 1.012600 0.56 0.07 -0.77 -0.1260 -0.4920 -0.6360
7.74 24.00 1022.25 28.15 0.034160 -0.035136 1.013088 0.56 0.14 -0.77 -0.1380 -0.5010 -0.6270
7.75 24.00 1022.11 28.18 0.031720 -0.035136 1.011624 0.56 0.14 -0.77 -0.1425 -0.4965 -0.6345
7.76 24.00 1022.11 28.20 0.033672 -0.036600 1.010648 0.63 0.07 -0.77 -0.1275 -0.4875 -0.6390
7.77 24.00 1022.18 28.20 0.032696 -0.035624 1.012112 0.63 0.07 -0.77 -0.1305 -0.4890 -0.6330
7.78 24.00 1022.12 28.22 0.033184 -0.035624 1.013088 0.63 0.14 -0.77 -0.1410 -0.4890 -0.6315
7.79 23.94 1022.17 28.22 0.033672 -0.037088 1.011624 0.63 0.07 -0.77 -0.1410 -0.4905 -0.6255
7.80 23.94 1022.17 28.22 0.034160 -0.037576 1.012600 0.63 0.07 -0.77 -0.1305 -0.4920 -0.6315
7.81 23.94 1022.13 28.23 0.034648 -0.035624 1.011624 0.63 0.07 -0.77 -0.1380 -0.4935 -0.6375
7.82 23.94 1022.20 28.22 0.032696 -0.036600 1.012600 0.63 0.07 -0.77 -0.1395 -0.4920 -0.6375
7.83 23.94 1022.16 28.22 0.034160 -0.037088 1.012112 0.56 0.07 -0.77 -0.1335 -0.4860 -0.6330
7.84 23.94 1022.16 28.22 0.032208 -0.036112 1.012600 0.56 0.14 -0.77 -0.1305 -0.4860 -0.6345
7.85 23.94 1022.15 28.23 0.033672 -0.036600 1.011624 0.56 0.07 -0.77 -0.1440 -0.4980 -0.6315
7.86 23.94 1022.20 28.21 0.035136 -0.037088 1.012112 0.56 0.07 -0.84 -0.1305 -0.4935 -0.6345
7.87 23.94 1022.22 28.19 0.034160 -0.035136 1.010648 0.63 0.07 -0.77 -0.1395 -0.4860 -0.6315
7.88 23.94 1022.22 28.17 0.035136 -0.036600 1.013088 0.56 0.07 -0.77 -0.1365 -0.4845 -0.6300
7.89 23.94 1022.18 28.17 0.032208 -0.036600 1.012112 0.56 0.07 -0.84 -0.1245 -0.5070 -0.6255
7.90 23.94 1022.06 28.21 0.034160 -0.037576 1.011624 0.63 0.07 -0.84 -0.1335 -0.4935 -0.6330
7.91 23.94 1022.16 28.21 0.034648 -0.037576 1.012600 0.56 0.07 -0.77 -0.1425 -0.4965 -0.6270
7.92 23.94 1022.16 28.21 0.031720 -0.036600 1.013576 0.63 0.07 -0.77 -0.1395 -0.4905 -0.6270
7.93 23.94 1022.16 28.22 0.031720 -0.038064 1.012112 0.63 0.07 -0.77 -0.1305 -0.4890 -0.6375
7.94 23.94 1022.12 28.24 0.033184 -0.035624 1.012112 0.63 0.07 -0.77 -0.1350 -0.4860 -0.6360
7.95 23.94 1022.20 28.22 0.034160 -0.037088 1.012112 0.63 0.07 -0.77 -0.1395 -0.4935 -0.6330
7.96 23.94 1022.20 28.20 0.034160 -0.036600 1.012600 0.56 0.07 -0.77 -0.1320 -0.4965 -0.6360
7.97 23.94 1022.16 28.21 0.032696 -0.036112 1.012600 0.56 0.07 -0.77 -0.1350 -0.4890 -0.6405
7.98 23.94 1022.25 28.17 0.033672 -0.036600 1.013088 0.56 0.14 -0.77 -0.1320 -0.4920 -0.6315
7.99 23.94 1022.21 28.16 0.031720 -0.037088 1.012600 0.63 0.14 -0.77 -0.1320 -0.4890 -0.6300
8.00 23.94 1022.21 28.14 0.032696 -0.035624 1.012600 0.63 0.14 -0.77 -0.1335 -0.4815 -0.6330
8.01 23.94 1022.22 28.12 0.031720 -0.038064 1.013088 0.63 0.14 -0.77 -0.1350 -0.4935 -0.6405
8.02 23.94 1022.14 28.14 0.032696 -0.037088 1.011624 0.56 0.07 -0.84 -0.1215 -0.4905 -0.6315
8.03 24.00 1022.14 28.15 0.031720 -0.035136 1.013088 0.56 0.07 -0.77 -0.1305 -0.4905 -0.6330
8.04 24.00 1022.13 28.17 0.031720 -0.036600 1.012600 0.63 0.07 -0.77 -0.1350 -0.4950 -0.6375
8.05 24.00 1022.13 28.19 0.033184 -0.037576 1.012112 0.63 0.07 -0.77 -0.1395 -0.4965 -0.6345
8.06 24.00 1022.19 28.18 0.034160 -0.036600 1.012112 0.56 0.07 -0.77 -0.1335 -0.4830 -0.6345
8.07 24.00 1022.19 28.17 0.033672 -0.035624 1.011624 0.56 0.14 -0.77 -0.1335 -0.4860 -0.6330
8.08 24.00 1022.17 28.17 0.033184 -0.037088 1.012112 0.56 0.14 -0.77 -0.1365 -0.4815 -0.6360
8.09 24.00 1022.17 28.17 0.033184 -0.036600 1.012112 0.56 0.07 -0.77 -0.1380 -0.4995 -0.6285
8.10 24.00 1022.13 28.19 0.033672 -0.037088 1.011136 0.63 0.07 -0.77 -0.1410 -0.4875 -0.6390
8.11 24.00 1022.13 28.20 0.031232 -0.035624 1.011624 0.63 0.07 -0.77 -0.1350 -0.4905 -0.6270
8.12 24.00 1022.13 28.22 0.030744 -0.036112 1.012112 0.63 0.07 -0.77 -0.1335 -0.4920 -0.6360
8.13 24.00 1022.25 28.18 0.032696 -0.036112 1.011136 0.63 0.14 -0.77 -0.1305 -0.4950 -0.6255
8.14 24.00 1022.12 28.21 0.032696 -0.034648 1.012112 0.56 0.14 -0.77 -0.1350 -0.4980 -0.6375
8.15 24.00 1022.12 28.23 0.031720 -0.036112 1.012600 0.63 0.07 -0.77 -0.1350 -0.4905 -0.6315
8.16 24.00 1022.19 28.22 0.032696 -0.036112 1.012600 0.63 0.14 -0.84 -0.1320 -0.4905 -0.6315
8.17 24.00 1022.20 28.20 0.032696 -0.036600 1.013576 0.56 0.07 -0.77 -0.1350 -0.4965 -0.6285
8.18 24.00 1022.17 28.20 0.033184 -0.037088 1.013576 0.56 0.07 -0.84 -0.1350 -0.4830 -0.6360
8.19 24.00 1022.17 28.20 0.032208 -0.035624 1.011624 0.63 0.14 -0.77 -0.1305 -0.4860 -0.6225
8.20 24.00 1022.17 28.20 0.033184 -0.037088 1.012112 0.63 0.14 -0.77 -0.1335 -0.4845 -0.6345
8.21 24.00 1022.06 28.24 0.030744 -0.036112 1.012112 0.56 0.07 -0.84 -0.1335 -0.4845 -0.6345
8.22 24.00 1022.20 28.23 0.034160 -0.037088 1.012112 0.56 0.07 -0.77 -0.1380 -0.4890 -0.6300
8.23 24.00 1022.20 28.21 0.033184 -0.036600 1.012600 0.63 0.07 -0.77 -0.1335 -0.4905 -0.6330
8.24 24.00 1022.10 28.24 0.030256 -0.035624 1.012112 0.56 0.07 -0.77 -0.1395 -0.4920 -0.6345
8.25 24.00 1022.16 28.24 0.032696 -0.036600 1.012112 0.63 0.07 -0.77 -0.1260 -0.4860 -0.6330
8.26 24.00 1022.26 28.20 0.031720 -0.037576 1.011136 0.63 0.07 -0.77 -0.1275 -0.4875 -0.6270
8.27 24.00 1022.26 28.17 0.033672 -0.036600 1.011624 0.56 0.07 -0.77 -0.1305 -0.4905 -0.6315
8.28 23.94 1022.13 28.18 0.031232 -0.035624 1.011136 0.63 0.07 -0.77 -0.1440 -0.4890 -0.6375
8.29 23.94 1022.15 28.19 0.032208 -0.036112 1.014064 0.56 0.07 -0.77 -0.1320 -0.4905 -0.6285
8.30 23.94 1022.17 28.19 0.032208 -0.037088 1.012600 0.56 0.07 -0.77 -0.1335 -0.4890 -0.6360
8.31 23.94 1022.17 28.19 0.033184 -0.034648 1.012112 0.56 0.07 -0.77 -0.1305 -0.4950 -0.6330
8.32 23.94 1022.22 28.17 0.033672 -0.035624 1.011624 0.56 0.07 -0.77 -0.1290 -0.4920 -0.6330
8.33 23.94 1022.14 28.18 0.031720 -0.034648 1.011624 0.63 0.07 -0.77 -0.1365 -0.4860 -0.6270
8.34 23.94 1022.17 28.18 0.031720 -0.036600 1.012112 0.63 0.00 -0.77 -0.1320 -0.4980 -0.6435
8.35 23.94 1022.17 28.18 0.034160 -0.037088 1.012112 0.63 0.00 -0.77 -0.1260 -0.4935 -0.6300
8.36 23.94 1022.15 28.19 0.031720 -0.037088 1.013088 0.56 0.07 -0.77 -0.1380 -0.4815 -0.6330
8.37 23.94 1022.22 28.17 0.031720 -0.036600 1.012600 0.63 0.00 -0.77 -0.1245 -0.4905 -0.6360
8.38 23.94 1022.21 28.15 0.031720 -0.036600 1.012600 0.63 0.00 -0.84 -0.1305 -0.4935 -0.6360
8.39 23.94 1022.21 28.13 0.032208 -0.034648 1.012112 0.56 0.00 -0.77 -0.1305 -0.4860 -0.6375
8.40 24.00 1022.20 28.12 0.032696 -0.034648 1.012112 0.56 0.07 -0.77 -0.1380 -0.4890 -0.6405
8.41 24.00 1022.15 28.14 0.034160 -0.036600 1.012112 0.56 0.00 -0.77 -0.1290 -0.4845 -0.6330
8.42 24.00 1022.14 28.15 0.033184 -0.036600 1.013576 0.56 0.07 -0.84 -0.1350 -0.4935 -0.6375
8.43 24.00 1022.14 28.16 0.032696 -0.036112 1.012600 0.56 0.07 -0.77 -0.1260 -0.4905 -0.6240
8.44 24.00 1022.17 28.17 0.033184 -0.035624 1.012600 0.56 0.07 -0.77 -0.1290 -0.4845 -0.6285
8.45 24.00 1022.14 28.18 0.033184 -0.036112 1.014552 0.63 0.07 -0.77 -0.1440 -0.5010 -0.6210
8.46 24.00 1022.13 28.20 0.032696 -0.037576 1.013576 0.56 0.07 -0.77 -0.1335 -0.4890 -0.6240
8.47 24.00 1022.13 28.21 0.033672 -0.036112 1.013088 0.56 0.07 -0.77 -0.1365 -0.4905 -0.6315
8.48 24.00 1022.18 28.20 0.031720 -0.036112 1.012600 0.56 0.00 -0.84 -0.1275 -0.4920 -0.6300
8.49 24.00 1022.12 28.22 0.030744 -0.037088 1.012600 0.63 0.07 -0.77 -0.1290 -0.4875 -0.6300
8.50 24.00 1022.11 28.25 0.032696 -0.037088 1.012112 0.56 0.07 -0.84 -0.1395 -0.4875 -0.6345
8.51 24.00 1022.11 28.27 0.032696 -0.037088 1.011136 0.63 0.07 -0.84 -0.1320 -0.4920 -0.6345
8.52 24.00 1022.11 28.29 0.034648 -0.036112 1.012112 0.63 0.07 -0.77 -0.1305 -0.4980 -0.6270
8.53 24.00 1022.18 28.29 0.033672 -0.038552 1.012600 0.63 0.07 -0.77 -0.1320 -0.4950 -0.6345
8.54 24.00 1022.21 28.26 0.032208 -0.037088 1.011624 0.56 0.00 -0.77 -0.1350 -0.4890 -0.6315
8.55 24.00 1022.21 28.24 0.032208 -0.036112 1.011624 0.63 0.07 -0.77 -0.1320 -0.4905 -0.6360
8.56 24.00 1022.13 28.25 0.033672 -0.036600 1.012600 0.63 0.07 -0.77 -0.1290 -0.4845 -0.6360
8.57 24.00 1022.12 28.27 0.031720 -0.035136 1.011136 0.63 0.07 -0.77 -0.1290 -0.4935 -0.6255
8.58 24.00 1022.12 28.29 0.031720 -0.037576 1.012112 0.63 0.07 -0.77 -0.1320 -0.4920 -0.6435
8.59 24.00 1022.19 28.27 0.034160 -0.036600 1.011624 0.63 0.00 -0.84 -0.1380 -0.4995 -0.6345
8.60 24.00 1022.23 28.24 0.032696 -0.036600 1.013088 0.63 0.00 -0.77 -0.1305 -0.4905 -0.6360
8.61 24.00 1022.18 28.24 0.031720 -0.036600 1.012112 0.63 0.07 -0.77 -0.1410 -0.4965 -0.6360
8.62 24.00 1022.18 28.23 0.032696 -0.035624 1.011624 0.63 0.07 -0.84 -0.1260 -0.4920 -0.6345
8.63 24.00 1022.20 28.22 0.033672 -0.036112 1.012600 0.56 0.07 -0.84 -0.1335 -0.4860 -0.6345
8.64 24.00 1022.10 28.24 0.034160 -0.034648 1.012112 0.56 0.07 -0.77 -0.1350 -0.5010 -0.6330
8.65 24.00 1022.18 28.23 0.033672 -0.035624 1.013576 0.63 0.07 -0.77 -0.1335 -0.5025 -0.6360
8.66 24.00 1022.18 28.23 0.032696 -0.036600 1.012112 0.63 0.07 -0.77 -0.1275 -0.4950 -0.6285
8.67 24.00 1022.20 28.21 0.032208 -0.035624 1.013088 0.63 0.07 -0.77 -0.1290 -0.4980 -0.6360
8.68 24.00 1022.18 28.21 0.032696 -0.037576 1.012112 0.63 0.07 -0.70 -0.1365 -0.4950 -0.6300
8.69 24.00 1022.12 28.23 0.032208 -0.036112 1.012600 0.56 0.07 -0.77 -0.1320 -0.4935 -0.6345
8.70 24.00 1022.12 28.25 0.033672 -0.036600 1.013088 0.63 0.07 -0.77 -0.1395 -0.4875 -0.6315
8.71 24.00 1022.16 28.25 0.032208 -0.037576 1.012112 0.63 0.14 -0.77 -0.1335 -0.4935 -0.6330
8.72 24.00 1022.15 28.26 0.033672 -0.036600 1.013088 0.63 0.07 -0.77 -0.1305 -0.4920 -0.6270
8.73 24.00 1022.21 28.24 0.033672 -0.036600 1.011624 0.63 0.07 -0.84 -0.1275 -0.4950 -0.6315
8.74 24.00 1022.21 28.22 0.033184 -0.036600 1.013576 0.63 0.07 -0.77 -0.1380 -0.4875 -0.6330
8.75 24.00 1022.19 28.20 0.032696 -0.038064 1.013576 0.56 0.07 -0.77 -0.1245 -0.4980 -0.6270
8.76 24.00 1022.15 28.21 0.034160 -0.035624 1.011624 0.56 0.14 -0.77 -0.1365 -0.4920 -0.6375
8.77 24.00 1022.23 28.19 0.033672 -0.035624 1.012112 0.63 0.14 -0.77 -0.1320 -0.4890 -0.6315
8.78 24.00 1022.23 28.16 0.031232 -0.036600 1.012600 0.56 0.07 -0.77 -0.1410 -0.4890 -0.6345
8.79 24.00 1022.22 28.14 0.035136 -0.035624 1.012112 0.56 0.07 -0.84 -0.1290 -0.4935 -0.6390
8.80 24.00 1022.24 28.11 0.032696 -0.037576 1.013088 0.56 0.07 -0.77 -0.1395 -0.4815 -0.6315
8.81 24.00 1022.23 28.09 0.033184 -0.037088 1.012600 0.63 0.07 -0.77 -0.1365 -0.4845 -0.6195
8.82 24.00 1022.23 28.08 0.032696 -0.035624 1.011624 0.56 0.14 -0.77 -0.1425 -0.4860 -0.6255
8.83 24.00 1022.17 28.08 0.034648 -0.038064 1.011624 0.56 0.07 -0.77 -0.1305 -0.4875 -0.6360
8.84 24.00 1022.22 28.06 0.034160 -0.036600 1.012112 0.56 0.07 -0.77 -0.1335 -0.4965 -0.6375
8.85 24.00 1022.21 28.05 0.032696 -0.037088 1.012112 0.63 0.14 -0.77 -0.1335 -0.4980 -0.6315
8.86 24.00 1022.21 28.04 0.033184 -0.035136 1.011624 0.56 0.07 -0.77 -0.1320 -0.4845 -0.6360
8.87 24.00 1022.10 28.08 0.033184 -0.036600 1.011624 0.63 0.07 -0.84 -0.1410 -0.4860 -0.6315
8.88 24.00 1022.16 28.09 0.033672 -0.036112 1.012600 0.63 0.07 -0.77 -0.1290 -0.4950 -0.6285
8.89 24.00 1022.18 28.09 0.032208 -0.037576 1.011136 0.56 0.07 -0.84 -0.1410 -0.4965 -0.6360
8.90 24.00 1022.18 28.10 0.033672 -0.037576 1.013576 0.63 0.07 -0.84 -0.1335 -0.4875 -0.6300
8.91 24.00 1022.22 28.08 0.033184 -0.035624 1.011136 0.63 0.07 -0.77 -0.1275 -0.4980 -0.6285
8.92 24.00 1022.12 28.11 0.033184 -0.038064 1.013576 0.63 0.07 -0.77 -0.1290 -0.4875 -0.6315
8.93 24.00 1022.16 28.12 0.034160 -0.035136 1.012600 0.56 0.07 -0.77 -0.1335 -0.4965 -0.6240
8.94 24.00 1022.16 28.13 0.032696 -0.034648 1.012600 0.56 0.07 -0.77 -0.1425 -0.4935 -0.6285
8.95 24.00 1022.18 28.12 0.033672 -0.036600 1.013576 0.56 0.07 -0.84 -0.1305 -0.4815 -0.6315
8.96 24.00 1022.19 28.12 0.031720 -0.036112 1.012112 0.63 0.07 -0.77 -0.1440 -0.4935 -0.6270
8.97 24.00 1022.09 28.16 0.032208 -0.038552 1.012600 0.63 0.07 -0.77 -0.1245 -0.4965 -0.6225
8.98 24.00 1022.09 28.19 0.034160 -0.036112 1.011624 0.63 0.07 -0.77 -0.1350 -0.4980 -0.6420
8.99 24.00 1022.13 28.21 0.034160 -0.035624 1.012600 0.63 0.07 -0.77 -0.1305 -0.4920 -0.6315
9.00 24.00 1022.05 28.26 0.033672 -0.037576 1.011136 0.63 0.07 -0.77 -0.1290 -0.4920 -0.6360
9.01 24.00 1022.19 28.25 0.032696 -0.037576 1.011624 0.63 0.07 -0.77 -0.1335 -0.4950 -0.6330
9.02 24.00 1022.19 28.24 0.033672 -0.036600 1.012112 0.63 0.07 -0.77 -0.1350 -0.4920 -0.6330
9.03 24.00 1022.16 28.24 0.032696 -0.035624 1.012112 0.63 0.07 -0.84 -0.1275 -0.4935 -0.6315
9.04 24.00 1022.13 28.26 0.033184 -0.036600 1.012112 0.56 0.07 -0.77 -0.1380 -0.4905 -0.6465
9.05 24.00 1022.16 28.26 0.032208 -0.037576 1.011624 0.63 0.14 -0.84 -0.1320 -0.4875 -0.6210
9.06 24.00 1022.16 28.26 0.034160 -0.037088 1.012112 0.56 0.14 -0.77 -0.1290 -0.4965 -0.6435
9.07 24.00 1022.19 28.24 0.033184 -0.037576 1.012112 0.56 0.14 -0.77 -0.1335 -0.4950 -0.6315
9.08 24.00 1022.10 28.27 0.033184 -0.038064 1.012600 0.56 0.07 -0.77 -0.1320 -0.4995 -0.6255
9.09 24.00 1022.13 28.29 0.031232 -0.038064 1.012112 0.63 0.14 -0.77 -0.1275 -0.4905 -0.6315
9.10 24.00 1022.13 28.30 0.032208 -0.038064 1.011624 0.56 0.07 -0.77 -0.1350 -0.4980 -0.6270
9.11 24.00 1022.18 28.29 0.035136 -0.037088 1.013576 0.63 0.07 -0.77 -0.1275 -0.5010 -0.6300
9.12 24.00 1022.08 28.32 0.034160 -0.036112 1.013088 0.63 0.07 -0.77 -0.1275 -0.4890 -0.6345
9.13 24.00 1022.08 28.35 0.034160 -0.037576 1.011136 0.56 0.07 -0.84 -0.1230 -0.4905 -0.6300
9.14 23.94 1022.10 28.37 0.032696 -0.035136 1.012600 0.56 0.07 -0.77 -0.1440 -0.4920 -0.6330
9.15 23.94 1022.14 28.37 0.032208 -0.037088 1.012112 0.63 0.07 -0.77 -0.1245 -0.4935 -0.6240
9.16 23.94 1022.09 28.40 0.033184 -0.036112 1.011624 0.63 0.07 -0.77 -0.1335 -0.4890 -0.6405
9.17 23.94 1022.09 28.42 0.032208 -0.035624 1.011136 0.63 0.14 -0.77 -0.1335 -0.4905 -0.6300
9.18 23.94 1022.20 28.40 0.034160 -0.038552 1.013088 0.63 0.07 -0.77 -0.1335 -0.4875 -0.6390
9.19 23.94 1022.22 28.37 0.033184 -0.035136 1.013576 0.63 0.07 -0.77 -0.1305 -0.4950 -0.6315
9.20 23.94 1022.21 28.34 0.034160 -0.036112 1.012112 0.56 0.07 -0.77 -0.1380 -0.4920 -0.6270
9.21 23.94 1022.21 28.32 0.032696 -0.037088 1.012600 0.56 0.07 -0.77 -0.1335 -0.4935 -0.6315
9.22 23.94 1022.23 28.29 0.032696 -0.035624 1.012600 0.63 0.07 -0.77 -0.1425 -0.4935 -0.6315
9.23 23.94 1022.19 28.28 0.031720 -0.035136 1.013088 0.63 0.07 -0.77 -0.1305 -0.4860 -0.6255
9.24 23.94 1022.22 28.25 0.033672 -0.035624 1.012112 0.56 0.07 -0.77 -0.1365 -0.4920 -0.6345
9.25 23.94 1022.22 28.23 0.032696 -0.037088 1.013088 0.63 0.07 -0.77 -0.1380 -0.4950 -0.6375
9.26 23.94 1022.15 28.24 0.034160 -0.037576 1.013576 0.63 0.07 -0.77 -0.1380 -0.4890 -0.6345
9.27 23.94 1022.18 28.23 0.032208 -0.036600 1.011624 0.63 0.07 -0.77 -0.1395 -0.4845 -0.6315
9.28 23.94 1022.09 28.26 0.033672 -0.037088 1.012600 0.56 0.07 -0.84 -0.1470 -0.4830 -0.6300
9.29 23.94 1022.09 28.30 0.032696 -0.036600 1.013088 0.56 0.07 -0.77 -0.1275 -0.4950 -0.6375
9.30 23.94 1022.23 28.26 0.031720 -0.036600 1.012600 0.63 0.07 -0.77 -0.1350 -0.4845 -0.6375
9.31 23.94 1022.13 28.28 0.034160 -0.036112 1.013576 0.63 0.07 -0.77 -0.1320 -0.4950 -0.6255
9.32 23.94 1022.17 28.27 0.032696 -0.036600 1.013088 0.56 0.07 -0.84 -0.1305 -0.4920 -0.6345
9.33 23.94 1022.17 28.26 0.032696 -0.035136 1.011624 0.56 0.07 -0.77 -0.1290 -0.4950 -0.6330
9.34 23.94 1022.13 28.28 0.032696 -0.036112 1.012112 0.56 0.07 -0.77 -0.1320 -0.4830 -0.6285
9.35 23.94 1022.19 28.26 0.034160 -0.037088 1.013576 0.56 0.07 -0.77 -0.1380 -0.4935 -0.6255
9.36 23.94 1022.16 28.26 0.034160 -0.035624 1.012112 0.56 0.07 -0.77 -0.1425 -0.4950 -0.6345
9.37 23.94 1022.16 28.27 0.033672 -0.038064 1.012112 0.56 0.07 -0.77 -0.1365 -0.4980 -0.6375
9.38 23.94 1022.06 28.31 0.033184 -0.036600 1.012600 0.63 0.07 -0.77 -0.1320 -0.4920 -0.6420
9.39 23.94 1022.22 28.28 0.032696 -0.035624 1.012112 0.56 0.07 -0.84 -0.1395 -0.4965 -0.6315
9.40 23.94 1022.15 28.28 0.033184 -0.036600 1.012600 0.63 0.07 -0.84 -0.1260 -0.4935 -0.6360
9.41 23.94 1022.15 28.29 0.032208 -0.037088 1.012112 0.56 0.07 -0.77 -0.1260 -0.4890 -0.6285
9.42 23.94 1022.09 28.32 0.033184 -0.037088 1.012600 0.56 0.07 -0.77 -0.1335 -0.4875 -0.6360
9.43 23.94 1022.24 28.28 0.033672 -0.037088 1.012600 0.63 0.07 -0.77 -0.1335 -0.4950 -0.6285
9.44 23.94 1022.14 28.29 0.032696 -0.036112 1.012112 0.63 0.07 -0.84 -0.1365 -0.4920 -0.6300
9.45 23.94 1022.14 28.30 0.032696 -0.036600 1.013088 0.56 0.07 -0.77 -0.1380 -0.4890 -0.6315
9.46 23.94 1022.16 28.30 0.033184 -0.036600 1.012600 0.56 0.07 -0.77 -0.1350 -0.4935 -0.6270
9.47 23.94 1022.12 28.31 0.032208 -0.036112 1.012112 0.56 0.14 -0.77 -0.1290 -0.4965 -0.6285
9.48 23.94 1022.10 28.34 0.033672 -0.036112 1.012112 0.63 0.07 -0.84 -0.1335 -0.4890 -0.6330
9.49 23.94 1022.10 28.36 0.032208 -0.036600 1.013088 0.63 0.07 -0.77 -0.1320 -0.4890 -0.6360
9.50 23.94 1022.21 28.34 0.032208 -0.035136 1.012600 0.63 0.00 -0.77 -0.1365 -0.4920 -0.6390
9.51 23.94 1022.25 28.30 0.035136 -0.037088 1.013088 0.56 0.07 -0.77 -0.1290 -0.4875 -0.6360
9.52 23.94 1022.22 28.27 0.032696 -0.037088 1.012600 0.56 0.07 -0.77 -0.1395 -0.4845 -0.6345
9.53 23.94 1022.22 28.25 0.032208 -0.036600 1.012600 0.63 0.07 -0.77 -0.1350 -0.4965 -0.6375
9.54 23.94 1022.23 28.22 0.034160 -0.035624 1.013576 0.56 0.07 -0.77 -0.1410 -0.4920 -0.6345
9.55 23.94 1022.18 28.21 0.032208 -0.035624 1.012600 0.56 0.07 -0.77 -0.1440 -0.4905 -0.6300
9.56 23.94 1022.19 28.20 0.033184 -0.036112 1.012112 0.56 0.07 -0.77 -0.1395 -0.4905 -0.6285
9.57 23.94 1022.19 28.19 0.031720 -0.038552 1.013576 0.56 0.07 -0.77 -0.1440 -0.4935 -0.6375
9.58 23.94 1022.22 28.17 0.033184 -0.037088 1.014552 0.56 0.07 -0.77 -0.1290 -0.4950 -0.6345
9.59 23.94 1022.20 28.16 0.032208 -0.037088 1.014064 0.63 0.14 -0.84 -0.1320 -0.4905 -0.6315
9.60 23.94 1022.16 28.17 0.030256 -0.038552 1.012112 0.56 0.14 -0.77 -0.1350 -0.4935 -0.6345
9.61 23.94 1022.16 28.17 0.033184 -0.037088 1.011624 0.56 0.07 -0.77 -0.1305 -0.4905 -0.6315
9.62 23.94 1022.16 28.17 0.033672 -0.036112 1.011136 0.63 0.07 -0.84 -0.1365 -0.4890 -0.6285
9.63 23.94 1022.23 28.15 0.033672 -0.037088 1.013088 0.56 0.07 -0.84 -0.1380 -0.4875 -0.6345
9.64 23.94 1022.12 28.18 0.033184 -0.036600 1.012112 0.63 0.07 -0.84 -0.1350 -0.4935 -0.6360
9.65 23.94 1022.12 28.20 0.034160 -0.036600 1.011624 0.56 0.14 -0.77 -0.1335 -0.4920 -0.6390
9.66 23.94 1022.18 28.20 0.031720 -0.035624 1.012600 0.63 0.07 -0.77 -0.1320 -0.4890 -0.6375
9.67 23.94 1022.15 28.21 0.034160 -0.038064 1.012112 0.56 0.00 -0.77 -0.1350 -0.4980 -0.6315
9.68 23.94 1022.12 28.23 0.033184 -0.036112 1.011136 0.56 0.07 -0.77 -0.1320 -0.4875 -0.6285
9.69 23.94 1022.12 28.25 0.032696 -0.036112 1.011624 0.56 0.07 -0.77 -0.1365 -0.4950 -0.6360
9.70 23.94 1022.09 28.28 0.034160 -0.035624 1.011136 0.63 0.07 -0.77 -0.1470 -0.4935 -0.6315
9.71 23.94 1022.08 28.31 0.032696 -0.036112 1.013576 0.63 0.07 -0.77 -0.1350 -0.4860 -0.6315
9.72 23.94 1022.08 28.35 0.032208 -0.035136 1.013088 0.63 0.07 -0.77 -0.1335 -0.4830 -0.6270
9.73 23.94 1022.14 28.35 0.033184 -0.037576 1.013088 0.56 0.07 -0.77 -0.1215 -0.4890 -0.6360
9.74 23.94 1022.08 28.38 0.032208 -0.037576 1.012112 0.63 0.07 -0.77 -0.1350 -0.4860 -0.6270
9.75 24.00 1022.17 28.37 0.034160 -0.036112 1.013088 0.63 0.07 -0.77 -0.1275 -0.4950 -0.6285
9.76 24.00 1022.17 28.36 0.031720 -0.035624 1.012600 0.63 0.07 -0.77 -0.1335 -0.4920 -0.6360
9.77 24.00 1022.18 28.35 0.033184 -0.036600 1.013088 0.56 0.14 -0.77 -0.1395 -0.4935 -0.6285
9.78 24.00 1022.20 28.33 0.031720 -0.037576 1.012112 0.56 0.07 -0.77 -0.1320 -0.5010 -0.6435
9.79 24.00 1022.17 28.33 0.032696 -0.036600 1.012112 0.63 0.07 -0.77 -0.1380 -0.4905 -0.6405
9.80 24.00 1022.17 28.32 0.033672 -0.036600 1.011624 0.63 0.07 -0.84 -0.1470 -0.4905 -0.6360
9.81 24.00 1022.15 28.32 0.031720 -0.035624 1.013576 0.63 0.07 -0.84 -0.1365 -0.4860 -0.6450
9.82 24.00 1022.18 28.31 0.031720 -0.036600 1.012600 0.56 0.07 -0.84 -0.1260 -0.4935 -0.6300
9.83 24.00 1022.22 28.28 0.033184 -0.036112 1.012600 0.56 0.07 -0.84 -0.1230 -0.4950 -0.6345
9.84 24.00 1022.22 28.26 0.034160 -0.036112 1.012600 0.63 0.07 -0.77 -0.1290 -0.4965 -0.6375
9.85 24.00 1022.07 28.30 0.032696 -0.037576 1.011136 0.56 0.07 -0.77 -0.1350 -0.4920 -0.6390
9.86 24.00 1022.21 28.27 0.033184 -0.038064 1.011624 0.56 0.07 -0.77 -0.1380 -0.4905 -0.6360
9.87 23.94 1022.22 28.25 0.032696 -0.035624 1.012112 0.63 0.07 -0.77 -0.1335 -0.4905 -0.6270
9.88 23.94 1022.22 28.23 0.032208 -0.037088 1.012112 0.56 0.07 -0.77 -0.1470 -0.4950 -0.6390
9.89 23.94 1022.11 28.25 0.032208 -0.036600 1.011136 0.56 0.07 -0.77 -0.1290 -0.4950 -0.6225
9.90 23.94 1022.29 28.20 0.034160 -0.037576 1.013088 0.63 0.14 -0.77 -0.1365 -0.4965 -0.6360
9.91 23.94 1022.18 28.19 0.033184 -0.036600 1.013088 0.63 0.07 -0.77 -0.1365 -0.4980 -0.6360
9.92 23.94 1022.18 28.19 0.031720 -0.036112 1.012112 0.56 0.07 -0.77 -0.1275 -0.4860 -0.6285
9.93 23.94 1022.12 28.21 0.033184 -0.036600 1.013088 0.56 0.07 -0.77 -0.1380 -0.4965 -0.6300
9.94 23.94 1022.18 28.20 0.033672 -0.036112 1.012112 0.63 0.07 -0.77 -0.1290 -0.4980 -0.6345
9.95 23.94 1022.14 28.22 0.031720 -0.035624 1.013088 0.63 0.07 -0.77 -0.1335 -0.4950 -0.6345
9.96 23.94 1022.14 28.23 0.034160 -0.035624 1.011136 0.63 0.00 -0.77 -0.1440 -0.4860 -0.6345
9.97 23.94 1022.20 28.21 0.033184 -0.036600 1.012600 0.63 0.07 -0.77 -0.1305 -0.4860 -0.6375
9.98 23.94 1022.20 28.20 0.034160 -0.035624 1.012600 0.63 0.14 -0.77 -0.1335 -0.4830 -0.6360
9.99 24.00 1022.13 28.22 0.032208 -0.037088 1.012112 0.63 0.07 -0.77 -0.1305 -0.4845 -0.6270
10.00 24.00 1022.13 28.24 0.031720 -0.036112 1.012112 0.56 0.07 -0.77 -0.1440 -0.4965 -0.6450
